# boost factor covariance
1.566396231160488818e-03 1.382867049662587491e-03 1.359899324171746655e-03 1.369277079261985120e-03 1.389180293384439414e-03 1.372080088449283185e-03 1.349890356977704632e-03 1.358551757033053158e-03 1.355089976969077112e-03 1.362086988878674024e-03 1.361608048711627659e-03 1.366219713394005442e-03 1.376765087775151360e-03 1.389460354242733368e-03 1.404044905980956180e-03 1.396881485684683217e-03 1.387320439195834261e-03 1.372755664670215377e-03 1.337206257211791651e-03 1.276138867951639392e-03 1.169767300020737363e-03 1.021437657742585263e-03
1.382867049662587491e-03 1.328538776667467520e-03 1.268548240421541167e-03 1.261528739136868289e-03 1.285630033229881366e-03 1.271644424466669004e-03 1.255177261301116494e-03 1.263547641646866997e-03 1.263506527102283006e-03 1.268406893750828037e-03 1.266161504782585762e-03 1.269229820378718490e-03 1.279451235008128868e-03 1.290807896321557926e-03 1.302695930750358711e-03 1.294654759011670039e-03 1.282416609568575285e-03 1.264735554941516038e-03 1.229826573054102704e-03 1.174224217827150602e-03 1.081056595879658494e-03 9.451140836643324517e-04
1.359899324171746655e-03 1.268548240421541167e-03 1.269772561254096325e-03 1.250832010842567845e-03 1.271806867302519625e-03 1.259120767476901766e-03 1.241408791211160659e-03 1.248253686419145431e-03 1.247498863018191946e-03 1.252726594478141640e-03 1.252604352108561102e-03 1.256335466716201410e-03 1.264917068249414968e-03 1.274629867281332251e-03 1.285073720545207342e-03 1.277223136181330175e-03 1.265895213127076271e-03 1.251947073646171409e-03 1.221734212720727896e-03 1.172063545098599819e-03 1.082306850646692084e-03 9.498606338938717086e-04
1.369277079261985120e-03 1.261528739136868289e-03 1.250832010842567845e-03 1.262306934781396968e-03 1.276125494422014096e-03 1.260703143459090698e-03 1.242456179278654928e-03 1.248763686054415491e-03 1.246873689328211387e-03 1.252072574537916932e-03 1.252071505641130962e-03 1.256156203916720124e-03 1.264611644746361889e-03 1.274556608650689784e-03 1.285604899018470216e-03 1.278463797270306497e-03 1.268329183362191647e-03 1.253568172111691695e-03 1.222023285183930974e-03 1.169494877959214316e-03 1.077174207367912091e-03 9.441251675268319023e-04
1.389180293384439414e-03 1.285630033229881366e-03 1.271806867302519625e-03 1.276125494422014096e-03 1.305218627891972924e-03 1.284167436596954674e-03 1.266767038045203946e-03 1.273009197863951645e-03 1.270560340021458694e-03 1.276728243897255668e-03 1.276398797595151369e-03 1.280111911236694834e-03 1.287763383605915191e-03 1.297882334064833507e-03 1.309038898966854514e-03 1.301798096870217854e-03 1.291417013477562381e-03 1.275440390266277925e-03 1.241964193986432301e-03 1.187731558363682577e-03 1.093706884738960975e-03 9.565092456593730788e-04
1.372080088449283185e-03 1.271644424466669004e-03 1.259120767476901766e-03 1.260703143459090698e-03 1.284167436596954674e-03 1.274582876397206558e-03 1.255062028337148748e-03 1.261780303607222585e-03 1.260460809283776634e-03 1.266659344280701444e-03 1.266126619734860015e-03 1.270352641869459693e-03 1.279125828835693968e-03 1.289867068749647348e-03 1.301691421624124939e-03 1.294262031280091598e-03 1.283634101925207067e-03 1.267360045948936207e-03 1.233908405229264997e-03 1.179895392902371911e-03 1.086497107380427103e-03 9.517455684455286471e-04
1.349890356977704632e-03 1.255177261301116494e-03 1.241408791211160659e-03 1.242456179278654928e-03 1.266767038045203946e-03 1.255062028337148748e-03 1.242285842069398242e-03 1.247106114380430470e-03 1.245637674351008804e-03 1.251860325945799686e-03 1.251398489863555889e-03 1.255205537763999036e-03 1.263839923695352736e-03 1.274289623367610416e-03 1.286204454859379322e-03 1.279729600709436036e-03 1.269722648618607863e-03 1.253487598909152701e-03 1.220280328196829541e-03 1.166399942331983533e-03 1.074319279473001394e-03 9.418731066402526988e-04
1.358551757033053158e-03 1.263547641646866997e-03 1.248253686419145431e-03 1.248763686054415491e-03 1.273009197863951645e-03 1.261780303607222585e-03 1.247106114380430470e-03 1.256209946486168839e-03 1.254396463340033078e-03 1.260584593336309261e-03 1.260150640420072687e-03 1.264243054970497085e-03 1.272933529279405207e-03 1.283598051926648038e-03 1.295813643530869478e-03 1.289171106791689404e-03 1.278942450614980368e-03 1.261951860644674323e-03 1.227517308750676302e-03 1.171354443047933512e-03 1.076222163742608824e-03 9.405198416532975243e-04
1.355089976969077112e-03 1.263506527102283006e-03 1.247498863018191946e-03 1.246873689328211387e-03 1.270560340021458694e-03 1.260460809283776634e-03 1.245637674351008804e-03 1.254396463340033078e-03 1.255134815669037502e-03 1.261341054869828541e-03 1.260692588786819753e-03 1.264784493114387348e-03 1.273577898439597804e-03 1.284586895283594109e-03 1.296938647841790280e-03 1.290344028502694038e-03 1.279800483294266360e-03 1.262477208869153440e-03 1.227906531677338837e-03 1.171504156322627447e-03 1.076120340571193063e-03 9.390551594931712204e-04
1.362086988878674024e-03 1.268406893750828037e-03 1.252726594478141640e-03 1.252072574537916932e-03 1.276728243897255668e-03 1.266659344280701444e-03 1.251860325945799686e-03 1.260584593336309261e-03 1.261341054869828541e-03 1.269212905102093782e-03 1.268511253873400762e-03 1.272641294465727980e-03 1.281644911791047147e-03 1.292984108484668358e-03 1.305699371791826935e-03 1.299258748469872635e-03 1.289016015976642785e-03 1.271829038039939182e-03 1.237124552585419516e-03 1.180322366529518250e-03 1.084186767198450389e-03 9.456519382866817930e-04
1.361608048711627659e-03 1.266161504782585762e-03 1.252604352108561102e-03 1.252071505641130962e-03 1.276398797595151369e-03 1.266126619734860015e-03 1.251398489863555889e-03 1.260150640420072687e-03 1.260692588786819753e-03 1.268511253873400762e-03 1.269177869807930998e-03 1.273584212485799269e-03 1.282454260350595829e-03 1.294044602523077925e-03 1.306767218389132210e-03 1.300470365430450624e-03 1.290110345509965818e-03 1.272907483296372095e-03 1.238013006219944529e-03 1.180661576809711923e-03 1.083383652740795922e-03 9.437872961616314282e-04
1.366219713394005442e-03 1.269229820378718490e-03 1.256335466716201410e-03 1.256156203916720124e-03 1.280111911236694834e-03 1.270352641869459693e-03 1.255205537763999036e-03 1.264243054970497085e-03 1.264784493114387348e-03 1.272641294465727980e-03 1.273584212485799269e-03 1.279469288030017898e-03 1.288396212940330545e-03 1.300266095561185276e-03 1.313372233160148891e-03 1.307420410632660797e-03 1.297645099608662513e-03 1.281050862979220143e-03 1.246024368540401411e-03 1.188255306877456646e-03 1.090464752375386575e-03 9.508540607395402425e-04
1.376765087775151360e-03 1.279451235008128868e-03 1.264917068249414968e-03 1.264611644746361889e-03 1.287763383605915191e-03 1.279125828835693968e-03 1.263839923695352736e-03 1.272933529279405207e-03 1.273577898439597804e-03 1.281644911791047147e-03 1.282454260350595829e-03 1.288396212940330545e-03 1.298847422524489247e-03 1.311379622121722080e-03 1.325203315258803279e-03 1.319576536764602639e-03 1.309980193110137992e-03 1.293943627469719936e-03 1.259298056566625140e-03 1.201580835540548044e-03 1.103631100286675331e-03 9.639943211517693761e-04
1.389460354242733368e-03 1.290807896321557926e-03 1.274629867281332251e-03 1.274556608650689784e-03 1.297882334064833507e-03 1.289867068749647348e-03 1.274289623367610416e-03 1.283598051926648038e-03 1.284586895283594109e-03 1.292984108484668358e-03 1.294044602523077925e-03 1.300266095561185276e-03 1.311379622121722080e-03 1.325600496096490189e-03 1.340386169263722447e-03 1.335083201251161282e-03 1.325538127614806763e-03 1.309405851275219834e-03 1.274372515603635486e-03 1.215567273143933332e-03 1.116097056317713436e-03 9.749198992276230085e-04
1.404044905980956180e-03 1.302695930750358711e-03 1.285073720545207342e-03 1.285604899018470216e-03 1.309038898966854514e-03 1.301691421624124939e-03 1.286204454859379322e-03 1.295813643530869478e-03 1.296938647841790280e-03 1.305699371791826935e-03 1.306767218389132210e-03 1.313372233160148891e-03 1.325203315258803279e-03 1.340386169263722447e-03 1.356870502590997287e-03 1.352565258350696322e-03 1.343838879387114753e-03 1.328328697270643064e-03 1.293237009110184644e-03 1.233883719071774635e-03 1.133270785523919156e-03 9.903198167443296417e-04
1.396881485684683217e-03 1.294654759011670039e-03 1.277223136181330175e-03 1.278463797270306497e-03 1.301798096870217854e-03 1.294262031280091598e-03 1.279729600709436036e-03 1.289171106791689404e-03 1.290344028502694038e-03 1.299258748469872635e-03 1.300470365430450624e-03 1.307420410632660797e-03 1.319576536764602639e-03 1.335083201251161282e-03 1.352565258350696322e-03 1.350040083236124858e-03 1.342750383708418097e-03 1.328193916252225432e-03 1.293384022494365598e-03 1.233937528948346766e-03 1.132862404892893407e-03 9.898147509959382816e-04
1.387320439195834261e-03 1.282416609568575285e-03 1.265895213127076271e-03 1.268329183362191647e-03 1.291417013477562381e-03 1.283634101925207067e-03 1.269722648618607863e-03 1.278942450614980368e-03 1.279800483294266360e-03 1.289016015976642785e-03 1.290110345509965818e-03 1.297645099608662513e-03 1.309980193110137992e-03 1.325538127614806763e-03 1.343838879387114753e-03 1.342750383708418097e-03 1.338095075790376879e-03 1.325795522088208875e-03 1.292345024089765204e-03 1.234104518003181338e-03 1.134309122165402372e-03 9.939351171396428649e-04
1.372755664670215377e-03 1.264735554941516038e-03 1.251947073646171409e-03 1.253568172111691695e-03 1.275440390266277925e-03 1.267360045948936207e-03 1.253487598909152701e-03 1.261951860644674323e-03 1.262477208869153440e-03 1.271829038039939182e-03 1.272907483296372095e-03 1.281050862979220143e-03 1.293943627469719936e-03 1.309405851275219834e-03 1.328328697270643064e-03 1.328193916252225432e-03 1.325795522088208875e-03 1.318469665831244588e-03 1.289372566669902843e-03 1.235725627327842035e-03 1.140851099311396364e-03 1.006837517733676904e-03
1.337206257211791651e-03 1.229826573054102704e-03 1.221734212720727896e-03 1.222023285183930974e-03 1.241964193986432301e-03 1.233908405229264997e-03 1.220280328196829541e-03 1.227517308750676302e-03 1.227906531677338837e-03 1.237124552585419516e-03 1.238013006219944529e-03 1.246024368540401411e-03 1.259298056566625140e-03 1.274372515603635486e-03 1.293237009110184644e-03 1.293384022494365598e-03 1.292345024089765204e-03 1.289372566669902843e-03 1.268265734583121735e-03 1.223985325793485205e-03 1.138634334037367342e-03 1.015935790868373757e-03
1.276138867951639392e-03 1.174224217827150602e-03 1.172063545098599819e-03 1.169494877959214316e-03 1.187731558363682577e-03 1.179895392902371911e-03 1.166399942331983533e-03 1.171354443047933512e-03 1.171504156322627447e-03 1.180322366529518250e-03 1.180661576809711923e-03 1.188255306877456646e-03 1.201580835540548044e-03 1.215567273143933332e-03 1.233883719071774635e-03 1.233937528948346766e-03 1.234104518003181338e-03 1.235725627327842035e-03 1.223985325793485205e-03 1.196515838295805810e-03 1.131182625361436137e-03 1.029248545998546257e-03
1.169767300020737363e-03 1.081056595879658494e-03 1.082306850646692084e-03 1.077174207367912091e-03 1.093706884738960975e-03 1.086497107380427103e-03 1.074319279473001394e-03 1.076222163742608824e-03 1.076120340571193063e-03 1.084186767198450389e-03 1.083383652740795922e-03 1.090464752375386575e-03 1.103631100286675331e-03 1.116097056317713436e-03 1.133270785523919156e-03 1.132862404892893407e-03 1.134309122165402372e-03 1.140851099311396364e-03 1.138634334037367342e-03 1.131182625361436137e-03 1.097244395351627778e-03 1.027627515408900379e-03
1.021437657742585263e-03 9.451140836643324517e-04 9.498606338938717086e-04 9.441251675268319023e-04 9.565092456593730788e-04 9.517455684455286471e-04 9.418731066402526988e-04 9.405198416532975243e-04 9.390551594931712204e-04 9.456519382866817930e-04 9.437872961616314282e-04 9.508540607395402425e-04 9.639943211517693761e-04 9.749198992276230085e-04 9.903198167443296417e-04 9.898147509959382816e-04 9.939351171396428649e-04 1.006837517733676904e-03 1.015935790868373757e-03 1.029248545998546257e-03 1.027627515408900379e-03 1.001850169029070998e-03
