# boost factor covariance
4.603501883474243493e-04 3.185265581815343791e-04 2.975034769208130775e-04 3.067916175994568704e-04 3.006852322085088488e-04 2.930651654262476382e-04 2.860178753477058962e-04 2.869363594657741551e-04 2.813813203379855570e-04 2.771442277667026896e-04 2.806092597738372844e-04 2.769382845317467528e-04 2.717216522518789141e-04 2.663400278655680357e-04 2.617268648562293240e-04 2.547201627289691892e-04 2.448663553770697820e-04 2.334620503852255415e-04 2.153522215176950367e-04 1.884560560971612175e-04 1.472474445733407957e-04 8.788962547124143506e-05
3.185265581815343791e-04 3.636425996104673559e-04 2.862693339426511667e-04 2.685139350350209905e-04 2.808494319609127930e-04 2.661558027815651975e-04 2.627300909462271391e-04 2.622122446596872607e-04 2.587304440903514450e-04 2.506733238857346692e-04 2.515199243349460021e-04 2.496092411823790016e-04 2.455877488878863472e-04 2.405059805548298666e-04 2.357583827393606871e-04 2.304075539986116794e-04 2.206059800429483451e-04 2.075460653932036776e-04 1.883753523747873197e-04 1.633381254337985073e-04 1.306958021049442942e-04 8.096172873144172636e-05
2.975034769208130775e-04 2.862693339426511667e-04 3.083188686508300021e-04 2.723008318223821386e-04 2.714830688257907588e-04 2.609162577213147011e-04 2.622352719069724549e-04 2.602380762476235419e-04 2.580584117757981125e-04 2.538098321311843476e-04 2.572671042841451639e-04 2.535610231880456342e-04 2.484738474607083567e-04 2.434530792553551829e-04 2.374379677316578125e-04 2.305211737085518533e-04 2.205351949262344979e-04 2.086360392936045566e-04 1.893258473248441939e-04 1.627409406937775432e-04 1.242648162298289397e-04 6.969296913120441442e-05
3.067916175994568704e-04 2.685139350350209905e-04 2.723008318223821386e-04 2.925341067823728760e-04 2.697611325525780526e-04 2.643580353067086935e-04 2.621385606411401510e-04 2.623543424266047198e-04 2.574456944854238935e-04 2.518721540273984646e-04 2.544814945558878652e-04 2.501447701675995586e-04 2.449889965799309033e-04 2.410853854000707844e-04 2.364667472757997068e-04 2.294762902891013469e-04 2.206690697848567102e-04 2.113355584016535520e-04 1.949315885947879750e-04 1.693888356010137008e-04 1.323191485283213337e-04 7.928500204256560397e-05
3.006852322085088488e-04 2.808494319609127930e-04 2.714830688257907588e-04 2.697611325525780526e-04 2.822078864630166834e-04 2.646410907572289647e-04 2.648299633252839172e-04 2.635989041656605072e-04 2.586210836611107025e-04 2.531142367907545146e-04 2.559755862030055991e-04 2.517483279998128463e-04 2.453227680181605365e-04 2.403815829719615181e-04 2.356009471429499063e-04 2.283365185872605538e-04 2.187535384588927057e-04 2.077317855296714549e-04 1.907688412648417926e-04 1.664637011864524290e-04 1.321495027592830423e-04 8.169318431877022654e-05
2.930651654262476382e-04 2.661558027815651975e-04 2.609162577213147011e-04 2.643580353067086935e-04 2.646410907572289647e-04 2.677591216114780584e-04 2.618895272625808312e-04 2.610155252629535959e-04 2.548824449153758121e-04 2.502654598972372667e-04 2.515149825965498523e-04 2.467772636521645526e-04 2.414387862594344195e-04 2.368939870435941126e-04 2.332403933076766117e-04 2.268387375314846819e-04 2.178797547031746348e-04 2.079902367296316580e-04 1.918304347830636759e-04 1.681630061050961471e-04 1.344357424797055080e-04 8.414412077385416021e-05
2.860178753477058962e-04 2.627300909462271391e-04 2.622352719069724549e-04 2.621385606411401510e-04 2.648299633252839172e-04 2.618895272625808312e-04 2.651885888238778629e-04 2.616546788370292852e-04 2.566838946930442150e-04 2.522092674402299931e-04 2.539136647230099591e-04 2.491380050553295127e-04 2.434250743504613832e-04 2.389216667096357263e-04 2.349283494016484808e-04 2.287731771448218824e-04 2.202681938449764466e-04 2.105127714787002793e-04 1.939240645300153597e-04 1.694893831236048251e-04 1.355057381574639838e-04 8.555711075744166442e-05
2.869363594657741551e-04 2.622122446596872607e-04 2.602380762476235419e-04 2.623543424266047198e-04 2.635989041656605072e-04 2.610155252629535959e-04 2.616546788370292852e-04 2.642385213683985678e-04 2.589189829600398239e-04 2.541178006553404143e-04 2.557032982362621035e-04 2.507171531072718883e-04 2.443336452279746261e-04 2.399575732937580673e-04 2.365355547990674026e-04 2.307232623324425864e-04 2.222373124572909098e-04 2.120066109219668669e-04 1.952157569937010609e-04 1.709486545926158741e-04 1.365194792044310856e-04 8.617014353999089796e-05
2.813813203379855570e-04 2.587304440903514450e-04 2.580584117757981125e-04 2.574456944854238935e-04 2.586210836611107025e-04 2.548824449153758121e-04 2.566838946930442150e-04 2.589189829600398239e-04 2.576075377915649448e-04 2.529064836226199860e-04 2.543047714241549796e-04 2.493314650561896184e-04 2.431673338290951431e-04 2.392178954674613139e-04 2.359553285996707618e-04 2.301649085054347421e-04 2.214665562969219629e-04 2.108927596277846513e-04 1.938378309818182760e-04 1.690275432526110611e-04 1.345518767882229781e-04 8.429660240529435623e-05
2.771442277667026896e-04 2.506733238857346692e-04 2.538098321311843476e-04 2.518721540273984646e-04 2.531142367907545146e-04 2.502654598972372667e-04 2.522092674402299931e-04 2.541178006553404143e-04 2.529064836226199860e-04 2.516394702170159938e-04 2.529606051361214325e-04 2.479743145645402496e-04 2.418616414173174333e-04 2.380051462190733709e-04 2.347458395418171046e-04 2.290634525663048514e-04 2.207313613845473393e-04 2.105170659803599464e-04 1.933667717664937485e-04 1.685937453953749302e-04 1.341342110231749272e-04 8.398219896313184162e-05
2.806092597738372844e-04 2.515199243349460021e-04 2.572671042841451639e-04 2.544814945558878652e-04 2.559755862030055991e-04 2.515149825965498523e-04 2.539136647230099591e-04 2.557032982362621035e-04 2.543047714241549796e-04 2.529606051361214325e-04 2.562029011558574257e-04 2.513459762844218897e-04 2.447493841862710641e-04 2.408560069108351711e-04 2.374435407767074002e-04 2.316191544408333785e-04 2.230656806802575943e-04 2.123342981670237354e-04 1.944557886924082378e-04 1.688857415652075355e-04 1.331343644137534621e-04 8.217038197376246933e-05
2.769382845317467528e-04 2.496092411823790016e-04 2.535610231880456342e-04 2.501447701675995586e-04 2.517483279998128463e-04 2.467772636521645526e-04 2.491380050553295127e-04 2.507171531072718883e-04 2.493314650561896184e-04 2.479743145645402496e-04 2.513459762844218897e-04 2.485468949346915542e-04 2.419379140685472913e-04 2.381983075325736106e-04 2.348669795040659344e-04 2.292469847658675994e-04 2.210203521497089646e-04 2.103362320184153989e-04 1.923560587403914024e-04 1.667873150292700866e-04 1.311078475586099825e-04 8.018656668924329539e-05
2.717216522518789141e-04 2.455877488878863472e-04 2.484738474607083567e-04 2.449889965799309033e-04 2.453227680181605365e-04 2.414387862594344195e-04 2.434250743504613832e-04 2.443336452279746261e-04 2.431673338290951431e-04 2.418616414173174333e-04 2.447493841862710641e-04 2.419379140685472913e-04 2.373309634241332292e-04 2.339676071234796551e-04 2.310381857073754276e-04 2.256274349383634282e-04 2.176230615602366852e-04 2.074123846285287869e-04 1.900781375019948893e-04 1.648707347537875555e-04 1.295111101680624310e-04 7.879011139464521312e-05
2.663400278655680357e-04 2.405059805548298666e-04 2.434530792553551829e-04 2.410853854000707844e-04 2.403815829719615181e-04 2.368939870435941126e-04 2.389216667096357263e-04 2.399575732937580673e-04 2.392178954674613139e-04 2.380051462190733709e-04 2.408560069108351711e-04 2.381983075325736106e-04 2.339676071234796551e-04 2.319194381692042618e-04 2.294117564559232944e-04 2.242558754194442377e-04 2.165668953363412942e-04 2.065854399095055666e-04 1.894696913427431966e-04 1.640316253628189855e-04 1.284145076559070652e-04 7.735520382010564364e-05
2.617268648562293240e-04 2.357583827393606871e-04 2.374379677316578125e-04 2.364667472757997068e-04 2.356009471429499063e-04 2.332403933076766117e-04 2.349283494016484808e-04 2.365355547990674026e-04 2.359553285996707618e-04 2.347458395418171046e-04 2.374435407767074002e-04 2.348669795040659344e-04 2.310381857073754276e-04 2.294117564559232944e-04 2.281726835657750931e-04 2.235672230978851460e-04 2.163029446577565361e-04 2.065371589201842409e-04 1.897290585294500844e-04 1.646314749908628480e-04 1.295025758887519769e-04 7.881497293578157664e-05
2.547201627289691892e-04 2.304075539986116794e-04 2.305211737085518533e-04 2.294762902891013469e-04 2.283365185872605538e-04 2.268387375314846819e-04 2.287731771448218824e-04 2.307232623324425864e-04 2.301649085054347421e-04 2.290634525663048514e-04 2.316191544408333785e-04 2.292469847658675994e-04 2.256274349383634282e-04 2.242558754194442377e-04 2.235672230978851460e-04 2.202083038785000843e-04 2.137832873592605148e-04 2.042228288397267754e-04 1.876950934453564717e-04 1.632151975249429099e-04 1.289213972483659238e-04 7.891330568799913259e-05
2.448663553770697820e-04 2.206059800429483451e-04 2.205351949262344979e-04 2.206690697848567102e-04 2.187535384588927057e-04 2.178797547031746348e-04 2.202681938449764466e-04 2.222373124572909098e-04 2.214665562969219629e-04 2.207313613845473393e-04 2.230656806802575943e-04 2.210203521497089646e-04 2.176230615602366852e-04 2.165668953363412942e-04 2.163029446577565361e-04 2.137832873592605148e-04 2.092051127304368969e-04 2.007450398182662548e-04 1.852186008944523476e-04 1.621210664055396382e-04 1.295561169365270213e-04 8.157362425017671047e-05
2.334620503852255415e-04 2.075460653932036776e-04 2.086360392936045566e-04 2.113355584016535520e-04 2.077317855296714549e-04 2.079902367296316580e-04 2.105127714787002793e-04 2.120066109219668669e-04 2.108927596277846513e-04 2.105170659803599464e-04 2.123342981670237354e-04 2.103362320184153989e-04 2.074123846285287869e-04 2.065854399095055666e-04 2.065371589201842409e-04 2.042228288397267754e-04 2.007450398182662548e-04 1.946772212815189938e-04 1.814221270371411542e-04 1.603309935400335613e-04 1.302333393685254129e-04 8.490600429733336646e-05
2.153522215176950367e-04 1.883753523747873197e-04 1.893258473248441939e-04 1.949315885947879750e-04 1.907688412648417926e-04 1.918304347830636759e-04 1.939240645300153597e-04 1.952157569937010609e-04 1.938378309818182760e-04 1.933667717664937485e-04 1.944557886924082378e-04 1.923560587403914024e-04 1.900781375019948893e-04 1.894696913427431966e-04 1.897290585294500844e-04 1.876950934453564717e-04 1.852186008944523476e-04 1.814221270371411542e-04 1.722488371183750070e-04 1.551132805387811877e-04 1.291604058962732607e-04 8.862916234720088994e-05
1.884560560971612175e-04 1.633381254337985073e-04 1.627409406937775432e-04 1.693888356010137008e-04 1.664637011864524290e-04 1.681630061050961471e-04 1.694893831236048251e-04 1.709486545926158741e-04 1.690275432526110611e-04 1.685937453953749302e-04 1.688857415652075355e-04 1.667873150292700866e-04 1.648707347537875555e-04 1.640316253628189855e-04 1.646314749908628480e-04 1.632151975249429099e-04 1.621210664055396382e-04 1.603309935400335613e-04 1.551132805387811877e-04 1.449158177623408798e-04 1.266944171128484692e-04 9.558964559384180938e-05
1.472474445733407957e-04 1.306958021049442942e-04 1.242648162298289397e-04 1.323191485283213337e-04 1.321495027592830423e-04 1.344357424797055080e-04 1.355057381574639838e-04 1.365194792044310856e-04 1.345518767882229781e-04 1.341342110231749272e-04 1.331343644137534621e-04 1.311078475586099825e-04 1.295111101680624310e-04 1.284145076559070652e-04 1.295025758887519769e-04 1.289213972483659238e-04 1.295561169365270213e-04 1.302333393685254129e-04 1.291604058962732607e-04 1.266944171128484692e-04 1.211886883528980437e-04 1.040630534256624634e-04
8.788962547124143506e-05 8.096172873144172636e-05 6.969296913120441442e-05 7.928500204256560397e-05 8.169318431877022654e-05 8.414412077385416021e-05 8.555711075744166442e-05 8.617014353999089796e-05 8.429660240529435623e-05 8.398219896313184162e-05 8.217038197376246933e-05 8.018656668924329539e-05 7.879011139464521312e-05 7.735520382010564364e-05 7.881497293578157664e-05 7.891330568799913259e-05 8.157362425017671047e-05 8.490600429733336646e-05 8.862916234720088994e-05 9.558964559384180938e-05 1.040630534256624634e-04 1.075967129891388844e-04
