# boost factor covariance
2.950852572954117212e-03 2.595984989000873783e-03 2.601482792051135629e-03 2.466338121915495705e-03 2.564407078633099916e-03 2.534631065395425917e-03 2.517271779429892768e-03 2.515329687051947628e-03 2.499590203071579402e-03 2.499725686972168771e-03 2.513948353125643100e-03 2.539109817688511850e-03 2.571122780843049412e-03 2.593180943295843397e-03 2.610375137926636540e-03 2.604166500041613357e-03 2.574593538020381739e-03 2.505229541325510768e-03 2.274856364372377336e-03 1.917078681927284617e-03 1.468467358166246003e-03 8.750855244951424687e-04
2.595984989000873783e-03 2.671746593974712747e-03 2.499603389224336336e-03 2.391631899061232545e-03 2.470942808885276312e-03 2.426666758703801673e-03 2.420220477086925358e-03 2.411588225611819257e-03 2.391860711220162184e-03 2.392629193938070747e-03 2.408524250946377822e-03 2.423721466174700613e-03 2.461935527089799923e-03 2.478632136096854850e-03 2.487748265308171829e-03 2.479854159757017163e-03 2.441918389261414721e-03 2.358595710471476578e-03 2.137735200322428333e-03 1.789039694514808158e-03 1.351546682595201410e-03 7.990223514219601435e-04
2.601482792051135629e-03 2.499603389224336336e-03 2.551914842673415167e-03 2.358313712269461630e-03 2.455483924979363995e-03 2.422129656039035024e-03 2.404606920552010592e-03 2.400954374794868167e-03 2.378148642525637364e-03 2.382549233159354102e-03 2.402789451063119374e-03 2.421363725679478475e-03 2.454489736266874961e-03 2.474399120068193625e-03 2.484954263279847298e-03 2.482378771494806770e-03 2.453050208602362402e-03 2.383235712346915870e-03 2.177678657429267875e-03 1.849967257773897601e-03 1.432547344646746199e-03 8.938206345429726678e-04
2.466338121915495705e-03 2.391631899061232545e-03 2.358313712269461630e-03 2.300219395781294071e-03 2.351609631698872195e-03 2.304084385387361426e-03 2.293513064351652541e-03 2.286235377825218337e-03 2.268813939813246489e-03 2.270906771214781759e-03 2.292420613429651567e-03 2.311247761748462699e-03 2.346165473342413758e-03 2.364358892217642647e-03 2.374797197603497473e-03 2.369581188592927243e-03 2.338365533942811207e-03 2.263468886565475797e-03 2.057132410599256563e-03 1.727931895351077609e-03 1.316435798726500869e-03 7.901145723024760982e-04
2.564407078633099916e-03 2.470942808885276312e-03 2.455483924979363995e-03 2.351609631698872195e-03 2.482744989372220705e-03 2.403774590288339057e-03 2.401457616750345744e-03 2.396045079189026723e-03 2.374827170417888930e-03 2.377199213201524556e-03 2.399671130433801702e-03 2.417872950204785678e-03 2.453629072191904070e-03 2.474804715456540953e-03 2.491340940286826140e-03 2.488782686077713885e-03 2.460990476775572720e-03 2.389911591248002152e-03 2.179851103720145764e-03 1.848302462601418995e-03 1.428038917124131594e-03 8.801147325083609170e-04
2.534631065395425917e-03 2.426666758703801673e-03 2.422129656039035024e-03 2.304084385387361426e-03 2.403774590288339057e-03 2.368982414598404598e-03 2.353006529163640791e-03 2.349541567203347787e-03 2.330473390624772552e-03 2.331748779842071802e-03 2.351226775820717662e-03 2.369428815809239419e-03 2.403220341191798521e-03 2.422668603238285496e-03 2.436111880324665080e-03 2.431586811563826028e-03 2.404375278674110959e-03 2.338186518696752560e-03 2.135544952124440125e-03 1.809350683110089696e-03 1.393450425235206059e-03 8.560223300204280973e-04
2.517271779429892768e-03 2.420220477086925358e-03 2.404606920552010592e-03 2.293513064351652541e-03 2.401457616750345744e-03 2.353006529163640791e-03 2.354764477473767631e-03 2.345213311800764099e-03 2.325086210473414818e-03 2.326311542774950163e-03 2.345383474609512211e-03 2.362058832360436431e-03 2.396307927354764892e-03 2.414295327510622684e-03 2.428032407490108603e-03 2.422740322867019628e-03 2.394320902589567885e-03 2.325178549990255823e-03 2.118359533258296241e-03 1.792600208752957941e-03 1.382201589626466361e-03 8.456151524851831993e-04
2.515329687051947628e-03 2.411588225611819257e-03 2.400954374794868167e-03 2.286235377825218337e-03 2.396045079189026723e-03 2.349541567203347787e-03 2.345213311800764099e-03 2.348071006238394536e-03 2.325754908662410695e-03 2.327947516657441138e-03 2.347723886313045436e-03 2.365813352454893426e-03 2.400616690490531887e-03 2.420958819679878190e-03 2.436078219000199861e-03 2.431659735206707657e-03 2.403889103788983250e-03 2.336622034131889594e-03 2.129861567297862152e-03 1.800828089199354694e-03 1.384717990086820408e-03 8.447028960044997798e-04
2.499590203071579402e-03 2.391860711220162184e-03 2.378148642525637364e-03 2.268813939813246489e-03 2.374827170417888930e-03 2.330473390624772552e-03 2.325086210473414818e-03 2.325754908662410695e-03 2.310283963825038225e-03 2.310275843579836716e-03 2.328824114618640705e-03 2.346424448002959549e-03 2.380750688144476351e-03 2.400658505037794530e-03 2.416320869094945763e-03 2.412668657358897975e-03 2.387609621855090163e-03 2.322975856626634337e-03 2.119277878805920536e-03 1.792981615906475042e-03 1.378774718170354494e-03 8.404718851328257280e-04
2.499725686972168771e-03 2.392629193938070747e-03 2.382549233159354102e-03 2.270906771214781759e-03 2.377199213201524556e-03 2.331748779842071802e-03 2.326311542774950163e-03 2.327947516657441138e-03 2.310275843579836716e-03 2.314499675886508463e-03 2.333474816892484090e-03 2.351680086988937844e-03 2.385652522248378048e-03 2.406150547813589325e-03 2.421975403091904296e-03 2.417944829979435436e-03 2.391322627790490145e-03 2.324945247742680240e-03 2.119386417867739989e-03 1.792919744885752278e-03 1.379831474401455168e-03 8.425690339292794600e-04
2.513948353125643100e-03 2.408524250946377822e-03 2.402789451063119374e-03 2.292420613429651567e-03 2.399671130433801702e-03 2.351226775820717662e-03 2.345383474609512211e-03 2.347723886313045436e-03 2.328824114618640705e-03 2.333474816892484090e-03 2.356247229966368980e-03 2.375763131953666663e-03 2.410486544970033389e-03 2.431863386535797113e-03 2.447398227007561555e-03 2.444081831848654920e-03 2.417384723220890146e-03 2.350605047124618846e-03 2.144299583588020041e-03 1.815497311873763044e-03 1.398314428529637667e-03 8.564543949202860175e-04
2.539109817688511850e-03 2.423721466174700613e-03 2.421363725679478475e-03 2.311247761748462699e-03 2.417872950204785678e-03 2.369428815809239419e-03 2.362058832360436431e-03 2.365813352454893426e-03 2.346424448002959549e-03 2.351680086988937844e-03 2.375763131953666663e-03 2.399499936249945009e-03 2.435564518808233658e-03 2.458806750552634812e-03 2.475988972766093518e-03 2.474338696941177050e-03 2.448612840732917496e-03 2.381781367924517157e-03 2.172177055226198143e-03 1.836947749854989532e-03 1.411216939871296318e-03 8.622886202737237767e-04
2.571122780843049412e-03 2.461935527089799923e-03 2.454489736266874961e-03 2.346165473342413758e-03 2.453629072191904070e-03 2.403220341191798521e-03 2.396307927354764892e-03 2.400616690490531887e-03 2.380750688144476351e-03 2.385652522248378048e-03 2.410486544970033389e-03 2.435564518808233658e-03 2.475735836500788951e-03 2.501469052947328468e-03 2.520950274729100247e-03 2.521056524379814128e-03 2.495845289954400342e-03 2.427446577473671083e-03 2.212898534996642508e-03 1.869272191590217380e-03 1.433237973362541358e-03 8.752177184264243277e-04
2.593180943295843397e-03 2.478632136096854850e-03 2.474399120068193625e-03 2.364358892217642647e-03 2.474804715456540953e-03 2.422668603238285496e-03 2.414295327510622684e-03 2.420958819679878190e-03 2.400658505037794530e-03 2.406150547813589325e-03 2.431863386535797113e-03 2.458806750552634812e-03 2.501469052947328468e-03 2.533181234601240145e-03 2.556248256637413258e-03 2.559138508243646686e-03 2.535647707347185413e-03 2.466952847253278073e-03 2.249526585694685849e-03 1.900473626499704942e-03 1.455962572916165128e-03 8.901216716854584579e-04
2.610375137926636540e-03 2.487748265308171829e-03 2.484954263279847298e-03 2.374797197603497473e-03 2.491340940286826140e-03 2.436111880324665080e-03 2.428032407490108603e-03 2.436078219000199861e-03 2.416320869094945763e-03 2.421975403091904296e-03 2.447398227007561555e-03 2.475988972766093518e-03 2.520950274729100247e-03 2.556248256637413258e-03 2.586788182830231445e-03 2.594606159820800426e-03 2.575469532788207585e-03 2.509318547721522182e-03 2.289383721667511643e-03 1.935224873770726708e-03 1.484545105484204579e-03 9.096119447836088258e-04
2.604166500041613357e-03 2.479854159757017163e-03 2.482378771494806770e-03 2.369581188592927243e-03 2.488782686077713885e-03 2.431586811563826028e-03 2.422740322867019628e-03 2.431659735206707657e-03 2.412668657358897975e-03 2.417944829979435436e-03 2.444081831848654920e-03 2.474338696941177050e-03 2.521056524379814128e-03 2.559138508243646686e-03 2.594606159820800426e-03 2.610163749721111127e-03 2.596426062043327276e-03 2.533507031178670703e-03 2.315030623073595362e-03 1.959611871801376307e-03 1.504916105520054739e-03 9.257210568863996798e-04
2.574593538020381739e-03 2.441918389261414721e-03 2.453050208602362402e-03 2.338365533942811207e-03 2.460990476775572720e-03 2.404375278674110959e-03 2.394320902589567885e-03 2.403889103788983250e-03 2.387609621855090163e-03 2.391322627790490145e-03 2.417384723220890146e-03 2.448612840732917496e-03 2.495845289954400342e-03 2.535647707347185413e-03 2.575469532788207585e-03 2.596426062043327276e-03 2.592560938490279243e-03 2.539039140010269750e-03 2.326122771277801086e-03 1.974030519031519902e-03 1.520541579877676295e-03 9.420862612483330446e-04
2.505229541325510768e-03 2.358595710471476578e-03 2.383235712346915870e-03 2.263468886565475797e-03 2.389911591248002152e-03 2.338186518696752560e-03 2.325178549990255823e-03 2.336622034131889594e-03 2.322975856626634337e-03 2.324945247742680240e-03 2.350605047124618846e-03 2.381781367924517157e-03 2.427446577473671083e-03 2.466952847253278073e-03 2.509318547721522182e-03 2.533507031178670703e-03 2.539039140010269750e-03 2.504327850746509466e-03 2.309955922678245260e-03 1.977251135227728069e-03 1.540451471382132736e-03 9.793060218823985540e-04
2.274856364372377336e-03 2.137735200322428333e-03 2.177678657429267875e-03 2.057132410599256563e-03 2.179851103720145764e-03 2.135544952124440125e-03 2.118359533258296241e-03 2.129861567297862152e-03 2.119277878805920536e-03 2.119386417867739989e-03 2.144299583588020041e-03 2.172177055226198143e-03 2.212898534996642508e-03 2.249526585694685849e-03 2.289383721667511643e-03 2.315030623073595362e-03 2.326122771277801086e-03 2.309955922678245260e-03 2.164992305349419926e-03 1.897291327306673903e-03 1.519983413861370446e-03 1.021591061431250357e-03
1.917078681927284617e-03 1.789039694514808158e-03 1.849967257773897601e-03 1.727931895351077609e-03 1.848302462601418995e-03 1.809350683110089696e-03 1.792600208752957941e-03 1.800828089199354694e-03 1.792981615906475042e-03 1.792919744885752278e-03 1.815497311873763044e-03 1.836947749854989532e-03 1.869272191590217380e-03 1.900473626499704942e-03 1.935224873770726708e-03 1.959611871801376307e-03 1.974030519031519902e-03 1.977251135227728069e-03 1.897291327306673903e-03 1.742583603054912670e-03 1.486195599505636374e-03 1.102140538577342597e-03
1.468467358166246003e-03 1.351546682595201410e-03 1.432547344646746199e-03 1.316435798726500869e-03 1.428038917124131594e-03 1.393450425235206059e-03 1.382201589626466361e-03 1.384717990086820408e-03 1.378774718170354494e-03 1.379831474401455168e-03 1.398314428529637667e-03 1.411216939871296318e-03 1.433237973362541358e-03 1.455962572916165128e-03 1.484545105484204579e-03 1.504916105520054739e-03 1.520541579877676295e-03 1.540451471382132736e-03 1.519983413861370446e-03 1.486195599505636374e-03 1.395936055396442606e-03 1.173901020345780163e-03
8.750855244951424687e-04 7.990223514219601435e-04 8.938206345429726678e-04 7.901145723024760982e-04 8.801147325083609170e-04 8.560223300204280973e-04 8.456151524851831993e-04 8.447028960044997798e-04 8.404718851328257280e-04 8.425690339292794600e-04 8.564543949202860175e-04 8.622886202737237767e-04 8.752177184264243277e-04 8.901216716854584579e-04 9.096119447836088258e-04 9.257210568863996798e-04 9.420862612483330446e-04 9.793060218823985540e-04 1.021591061431250357e-03 1.102140538577342597e-03 1.173901020345780163e-03 1.178786296457012394e-03
