# cross term covariance
8.217767295758708547e-06 1.411473891473510057e-06 1.203857500968978923e-07 -5.424594292853735475e-07 4.717094116391245422e-07 -5.780731888695891811e-07 -7.420919795880943949e-08 1.895107569298976647e-09 -6.835399930497253266e-08 -7.853898050763353515e-08 -6.951040203466991300e-08 -8.111892403177672779e-09 -7.255967863457504054e-08 5.548322827666105888e-08 1.441648383305876143e-08 2.265772868918681843e-08 -2.149068119477965120e-08 -8.242720272730419402e-09 1.142748991265480558e-08 5.414240987765270426e-09 -1.502024176040179782e-08 -9.417156730801432847e-09
1.411473891473510057e-06 2.284854675492959563e-06 -1.654362149927867788e-08 -1.138984835400108574e-07 1.393944872892449469e-07 -1.964087593441340228e-07 5.647112256940528172e-08 -1.799696955103755746e-08 -1.524838013490624333e-08 -2.786472290392690203e-08 -8.487093720520335203e-10 6.129003381615611528e-09 -8.485454120629353799e-09 1.167872920026916582e-08 7.178417158715037036e-11 -1.616874548906589471e-10 -2.442417720204512244e-09 -2.085745754181127559e-09 1.987457059508199574e-09 1.705288133000116000e-09 -2.898890714534310225e-09 -1.683127402564406471e-09
1.203857500968978923e-07 -1.654362149927867788e-08 8.128916896183233652e-07 3.599710868228728499e-09 7.081576768455751473e-08 -5.453726364852509999e-08 6.135161345902215234e-09 -2.041904144020964897e-08 -2.011981321751506393e-08 -7.631064222018528413e-09 1.328959220730935635e-09 1.346473105740420411e-09 -1.175318827669501539e-09 3.371804563613799404e-09 2.120957619874582701e-09 -2.284830620664958220e-09 -1.538043879277627215e-09 -1.592518418442134553e-09 6.656209435773514973e-10 3.111580524358038552e-10 5.175323714043454520e-10 9.274074254382085577e-10
-5.424594292853735475e-07 -1.138984835400108574e-07 3.599710868228728499e-09 4.891021100737790411e-07 -4.919032720969133159e-08 6.651823565588101623e-08 1.759862403319225349e-08 -2.119525189315632593e-08 1.109745304453352699e-08 8.929287905795934650e-09 1.160935601340516088e-08 6.290999623498760839e-09 1.385316475598983694e-08 -7.559175364251250460e-09 1.775925482035821266e-10 -3.830929802524399371e-09 2.678891897785804411e-09 1.568938835594718400e-10 -1.760028136816111882e-09 -2.524969087226260227e-10 1.510131430327125733e-09 9.606280851047957913e-10
4.717094116391245422e-07 1.393944872892449469e-07 7.081576768455751473e-08 -4.919032720969133159e-08 2.811014370281111382e-07 -5.559304023616971287e-08 -8.043493039872604881e-09 -1.295155338672078227e-08 -3.450679390915276890e-09 -5.400064926104675701e-09 -3.965456978782906158e-09 4.044957448725499626e-09 -6.227311461633356592e-09 2.866962469814891697e-09 1.547460585230221911e-09 2.536893046378785728e-09 -5.333347316126842842e-10 -4.183842883112961894e-10 1.022771227640575947e-09 5.327799255244549162e-10 -3.816420435095671001e-10 -3.003520745656886556e-10
-5.780731888695891811e-07 -1.964087593441340228e-07 -5.453726364852509999e-08 6.651823565588101623e-08 -5.559304023616971287e-08 1.821300554547161560e-07 -3.033282845049095910e-09 1.886327039606451542e-09 1.191608890399585230e-08 9.206645707771823444e-11 4.047139198592483014e-09 2.412421361253212634e-09 6.714561290440610348e-09 -6.260599879085144812e-09 -1.657521774435172568e-09 -6.088248865319209362e-10 2.561814352384848155e-09 3.107017847621343018e-10 -1.496007122296100640e-09 -1.119348779274941669e-09 7.050849812350053299e-10 2.785848589615060931e-10
-7.420919795880943949e-08 5.647112256940528172e-08 6.135161345902215234e-09 1.759862403319225349e-08 -8.043493039872604881e-09 -3.033282845049095910e-09 7.292645047455987532e-08 2.704323401467838069e-09 2.765061340688796746e-09 -1.717302103653297668e-09 3.053487383874626777e-09 -1.458697567452381599e-10 9.181615168869462036e-10 -1.045483054611834387e-09 1.829233634761388183e-10 -2.671876312706437443e-10 4.656889636026017214e-10 6.868955607338242301e-11 -3.858862164809386907e-11 3.531739067878883958e-10 5.594441799032875858e-10 6.628068140244874859e-10
1.895107569298976647e-09 -1.799696955103755746e-08 -2.041904144020964897e-08 -2.119525189315632593e-08 -1.295155338672078227e-08 1.886327039606451542e-09 2.704323401467838069e-09 2.651094655559587052e-08 -1.480914320022510499e-09 2.861337865995765158e-10 -9.066036295593226216e-10 -6.728447018011261998e-10 -6.208519051454787243e-10 -5.435651503734438401e-10 -7.274204415258377813e-10 -2.679185102867418200e-10 -2.389398471325967677e-10 -9.195264545333031010e-11 -8.722771284626685488e-12 -1.660608751572002348e-10 -1.523653462023629915e-10 -1.291207961769471516e-10
-6.835399930497253266e-08 -1.524838013490624333e-08 -2.011981321751506393e-08 1.109745304453352699e-08 -3.450679390915276890e-09 1.191608890399585230e-08 2.765061340688796746e-09 -1.480914320022510499e-09 1.787825707874049599e-08 -1.432786549105885285e-09 4.952615597233612572e-10 1.191282414724766766e-09 1.349271228787166831e-09 -6.101951047739888549e-10 2.624375651887957907e-10 -2.587290438481490123e-10 7.217503805871877563e-10 2.722689734011682528e-10 -6.626852399640596034e-11 1.285208316678743967e-10 3.361995671109075511e-10 2.907452193371376894e-10
-7.853898050763353515e-08 -2.786472290392690203e-08 -7.631064222018528413e-09 8.929287905795934650e-09 -5.400064926104675701e-09 9.206645707771823444e-11 -1.717302103653297668e-09 2.861337865995765158e-10 -1.432786549105885285e-09 1.021432401920410673e-08 5.105675970140242817e-10 -7.134141838162870182e-10 5.563764782303245559e-10 -3.834150521193837394e-10 -7.540858666246543918e-10 -3.791148115198555775e-10 9.168045431842097058e-11 9.863906159499215413e-11 -4.485737295935789873e-11 -2.346875805865107767e-11 1.358289212188216114e-10 1.034011419897929916e-10
-6.951040203466991300e-08 -8.487093720520335203e-10 1.328959220730935635e-09 1.160935601340516088e-08 -3.965456978782906158e-09 4.047139198592483014e-09 3.053487383874626777e-09 -9.066036295593226216e-10 4.952615597233612572e-10 5.105675970140242817e-10 4.417419768340532012e-09 1.216819739141963505e-10 1.348488797283038831e-09 -6.367623882990817188e-10 4.586402887518932476e-11 -4.089350021999081336e-10 5.339476189057517686e-10 1.648117016638757374e-10 -4.019890033287896489e-11 -2.431835012725315572e-11 2.345280500120494516e-10 1.792748351050160308e-10
-8.111892403177672779e-09 6.129003381615611528e-09 1.346473105740420411e-09 6.290999623498760839e-09 4.044957448725499626e-09 2.412421361253212634e-09 -1.458697567452381599e-10 -6.728447018011261998e-10 1.191282414724766766e-09 -7.134141838162870182e-10 1.216819739141963505e-10 2.520213647347966572e-09 4.037824178344847917e-10 -3.717254417701072348e-10 7.145891203377167449e-11 -1.214306948998939382e-10 1.921053144582242408e-10 2.760160723917422768e-11 -9.630650870264876704e-11 -7.985324084024429892e-11 2.349230720916373795e-11 7.230466038382786983e-11
-7.255967863457504054e-08 -8.485454120629353799e-09 -1.175318827669501539e-09 1.385316475598983694e-08 -6.227311461633356592e-09 6.714561290440610348e-09 9.181615168869462036e-10 -6.208519051454787243e-10 1.349271228787166831e-09 5.563764782303245559e-10 1.348488797283038831e-09 4.037824178344847917e-10 2.406921905600362627e-09 -7.813571952172182427e-10 -5.441036338195803968e-11 -3.293082272092541177e-10 4.775810479163529674e-10 1.655831639238767938e-10 -1.115739454456561872e-10 -5.418891222909473512e-11 2.289846493138683931e-10 1.755073434557016263e-10
5.548322827666105888e-08 1.167872920026916582e-08 3.371804563613799404e-09 -7.559175364251250460e-09 2.866962469814891697e-09 -6.260599879085144812e-09 -1.045483054611834387e-09 -5.435651503734438401e-10 -6.101951047739888549e-10 -3.834150521193837394e-10 -6.367623882990817188e-10 -3.717254417701072348e-10 -7.813571952172182427e-10 9.468090634884414084e-10 1.664221369100413860e-10 2.377975568362096574e-10 -2.414576602063041492e-10 -8.975037783290769263e-11 1.357542517276332269e-10 8.128271899394138209e-11 -1.168878662417486447e-10 -9.626032486340825917e-11
1.441648383305876143e-08 7.178417158715037036e-11 2.120957619874582701e-09 1.775925482035821266e-10 1.547460585230221911e-09 -1.657521774435172568e-09 1.829233634761388183e-10 -7.274204415258377813e-10 2.624375651887957907e-10 -7.540858666246543918e-10 4.586402887518932476e-11 7.145891203377167449e-11 -5.441036338195803968e-11 1.664221369100413860e-10 3.930104542158686900e-10 8.772269521129874460e-11 3.165448162111177287e-11 -9.378986526587983028e-12 2.486725484182740775e-11 3.801870657938544879e-11 3.112892230116867930e-12 1.027572126038473649e-11
2.265772868918681843e-08 -1.616874548906589471e-10 -2.284830620664958220e-09 -3.830929802524399371e-09 2.536893046378785728e-09 -6.088248865319209362e-10 -2.671876312706437443e-10 -2.679185102867418200e-10 -2.587290438481490123e-10 -3.791148115198555775e-10 -4.089350021999081336e-10 -1.214306948998939382e-10 -3.293082272092541177e-10 2.377975568362096574e-10 8.772269521129874460e-11 3.283167677422569370e-10 -3.685699229426173315e-11 -3.710746879770583166e-12 2.651642783880753576e-11 1.672746129205560052e-11 -6.011403307933978595e-11 -3.748286854225084861e-11
-2.149068119477965120e-08 -2.442417720204512244e-09 -1.538043879277627215e-09 2.678891897785804411e-09 -5.333347316126842842e-10 2.561814352384848155e-09 4.656889636026017214e-10 -2.389398471325967677e-10 7.217503805871877563e-10 9.168045431842097058e-11 5.339476189057517686e-10 1.921053144582242408e-10 4.775810479163529674e-10 -2.414576602063041492e-10 3.165448162111177287e-11 -3.685699229426173315e-11 2.500031398475280136e-10 7.656469682351542858e-11 -4.008532227466138181e-11 -1.912485808633369418e-11 7.848621554025123686e-11 7.376161742444981323e-11
-8.242720272730419402e-09 -2.085745754181127559e-09 -1.592518418442134553e-09 1.568938835594718400e-10 -4.183842883112961894e-10 3.107017847621343018e-10 6.868955607338242301e-11 -9.195264545333031010e-11 2.722689734011682528e-10 9.863906159499215413e-11 1.648117016638757374e-10 2.760160723917422768e-11 1.655831639238767938e-10 -8.975037783290769263e-11 -9.378986526587983028e-12 -3.710746879770583166e-12 7.656469682351542858e-11 9.992204525815747305e-11 6.707612029126165807e-12 1.942404329025785003e-12 3.863106538492224981e-11 4.207662637098580249e-11
1.142748991265480558e-08 1.987457059508199574e-09 6.656209435773514973e-10 -1.760028136816111882e-09 1.022771227640575947e-09 -1.496007122296100640e-09 -3.858862164809386907e-11 -8.722771284626685488e-12 -6.626852399640596034e-11 -4.485737295935789873e-11 -4.019890033287896489e-11 -9.630650870264876704e-11 -1.115739454456561872e-10 1.357542517276332269e-10 2.486725484182740775e-11 2.651642783880753576e-11 -4.008532227466138181e-11 6.707612029126165807e-12 8.137043000203811028e-11 4.609336535813409192e-11 8.202991504137073984e-12 1.943383457791971049e-11
5.414240987765270426e-09 1.705288133000116000e-09 3.111580524358038552e-10 -2.524969087226260227e-10 5.327799255244549162e-10 -1.119348779274941669e-09 3.531739067878883958e-10 -1.660608751572002348e-10 1.285208316678743967e-10 -2.346875805865107767e-11 -2.431835012725315572e-11 -7.985324084024429892e-11 -5.418891222909473512e-11 8.128271899394138209e-11 3.801870657938544879e-11 1.672746129205560052e-11 -1.912485808633369418e-11 1.942404329025785003e-12 4.609336535813409192e-11 6.798065902966263848e-11 3.383364793665753972e-11 3.284301420685995889e-11
-1.502024176040179782e-08 -2.898890714534310225e-09 5.175323714043454520e-10 1.510131430327125733e-09 -3.816420435095671001e-10 7.050849812350053299e-10 5.594441799032875858e-10 -1.523653462023629915e-10 3.361995671109075511e-10 1.358289212188216114e-10 2.345280500120494516e-10 2.349230720916373795e-11 2.289846493138683931e-10 -1.168878662417486447e-10 3.112892230116867930e-12 -6.011403307933978595e-11 7.848621554025123686e-11 3.863106538492224981e-11 8.202991504137073984e-12 3.383364793665753972e-11 1.127216794455498956e-10 1.052626834889083044e-10
-9.417156730801432847e-09 -1.683127402564406471e-09 9.274074254382085577e-10 9.606280851047957913e-10 -3.003520745656886556e-10 2.785848589615060931e-10 6.628068140244874859e-10 -1.291207961769471516e-10 2.907452193371376894e-10 1.034011419897929916e-10 1.792748351050160308e-10 7.230466038382786983e-11 1.755073434557016263e-10 -9.626032486340825917e-11 1.027572126038473649e-11 -3.748286854225084861e-11 7.376161742444981323e-11 4.207662637098580249e-11 1.943383457791971049e-11 3.284301420685995889e-11 1.052626834889083044e-10 1.584022627986932788e-10
