# Jackknife Covariance with Weights
7.803825649507735172e-06 -2.313599805134851720e-07 2.655571727654738542e-07 6.496873919709954796e-07 -5.115212553769046908e-07 1.039352065211969716e-08 -1.871706693288296178e-07 2.506256757841000728e-09 1.920709641008003832e-08 -2.259280761563585507e-08 3.990251142253738592e-08 -1.469205674704096736e-08 -2.660442462518320692e-08 1.023838694510426093e-08 -3.879094884658617844e-09 -1.253358623438565773e-09 8.801874866987605395e-09 -8.152326229269025528e-09 -4.513827406670383128e-09 -3.147420412662142084e-09 -1.747254943554600049e-09 3.882398147432762234e-10
-2.313599805134851720e-07 4.764157654125903797e-06 1.086905608160520512e-06 4.507828342080297308e-08 -6.195481179027388211e-08 1.132515874257681631e-07 1.854472433033838893e-08 1.098832487053124552e-07 2.008540351740148335e-08 -1.921702463869687277e-09 -5.119454285108382517e-08 1.762017553725798791e-08 -3.857416402461655375e-09 -1.171299256379102699e-08 9.007747191184733708e-09 -8.536862876185825771e-09 4.296108413366750633e-10 -3.287727371307726172e-10 -1.731508284743720485e-09 1.415578475373141708e-09 1.620743211810780623e-09 3.024605155002753465e-10
2.655571727654738542e-07 1.086905608160520512e-06 2.817003896916239811e-06 1.735830304584621377e-08 1.690796751960798835e-07 4.753850022795545145e-08 -7.370517480091451107e-08 7.370080165639175674e-08 -1.112428510627288028e-08 -4.486206309522881584e-08 -2.691398251251002618e-08 6.451860014915976084e-09 -2.562628416825311108e-08 -7.368930806232067197e-09 -6.731102468778034093e-10 -1.748623984862316588e-09 5.602148910764891678e-10 -7.033236172198664371e-10 -1.445636985577323103e-10 -6.222075224180897439e-09 -1.996386510651929096e-09 -1.087391630671036549e-09
6.496873919709954796e-07 4.507828342080297308e-08 1.735830304584621377e-08 9.023383245609306556e-07 6.624313798493987725e-08 -6.662742692998468550e-08 7.506007796462713998e-08 2.393250711333018433e-08 1.158337806684441231e-08 2.900331627412838277e-08 2.999758200181768715e-08 4.749872816347236597e-09 -2.544996257126242293e-09 4.736389030319505583e-09 2.932695727875069186e-09 -4.347259616871895437e-09 9.666825762457129966e-11 3.011881981523601212e-09 8.522077973541411310e-10 1.426993230498138677e-09 5.479858634572731803e-10 -6.906126762059768911e-11
-5.115212553769046908e-07 -6.195481179027388211e-08 1.690796751960798835e-07 6.624313798493987725e-08 8.356488794987287163e-07 7.717472384499527938e-08 -1.273640341322016829e-09 1.301524192442303079e-08 -1.595541674197132800e-08 5.490692339842549346e-09 -5.867396148857288279e-09 -1.227177285547153814e-09 9.054528194026487914e-09 7.361903192603723162e-10 3.891610559548227015e-09 -4.051041882977176676e-09 1.261978605560351492e-09 4.540322757955233290e-09 2.504909624288273919e-10 2.345979306542285495e-10 -1.647324701274520925e-10 -8.796409272223488866e-10
1.039352065211969716e-08 1.132515874257681631e-07 4.753850022795545145e-08 -6.662742692998468550e-08 7.717472384499527938e-08 2.271947231924319277e-07 -2.136916951810562082e-08 3.942097800733846087e-09 -1.470379874234261707e-08 3.613867035365695905e-09 5.839927249642236596e-09 3.827906854352043390e-09 5.077161500334180072e-09 -3.912487395076933253e-09 8.195064469564644180e-10 6.751469328941102798e-11 -1.601689997795093909e-10 -9.392919803009725873e-11 -8.474956516072495963e-11 1.049978937500778067e-10 -2.635318089698308336e-10 -2.331439260602848587e-10
-1.871706693288296178e-07 1.854472433033838893e-08 -7.370517480091451107e-08 7.506007796462713998e-08 -1.273640341322016829e-09 -2.136916951810562082e-08 1.716135914491540328e-07 -2.100618498956445553e-09 8.325507928995444784e-09 -1.094755426064313898e-09 4.394600444409702326e-09 1.412368621554826591e-09 -3.572290038161173826e-09 4.209871119540452455e-09 -1.077506692185467296e-09 -1.467984205632449835e-09 -1.168041100052545170e-09 2.566642773001414279e-10 2.379612540182110904e-10 3.877493727725339510e-11 -2.765496857517285929e-10 -2.070946324119034176e-10
2.506256757841000728e-09 1.098832487053124552e-07 7.370080165639175674e-08 2.393250711333018433e-08 1.301524192442303079e-08 3.942097800733846087e-09 -2.100618498956445553e-09 7.766981882774516817e-08 4.987676481214369507e-10 -5.094180591106133856e-09 3.955336997133876886e-11 -2.356211076080944741e-09 5.898401161596918876e-11 8.424180731215251264e-10 7.497806284900834152e-10 -1.569453602654006414e-09 3.567408416020390213e-10 -2.968963648658121428e-11 -1.430634606554513278e-10 -2.169920324977974754e-11 1.101697392104849769e-10 2.947461280947743002e-10
1.920709641008003832e-08 2.008540351740148335e-08 -1.112428510627288028e-08 1.158337806684441231e-08 -1.595541674197132800e-08 -1.470379874234261707e-08 8.325507928995444784e-09 4.987676481214369507e-10 4.704773864951047027e-08 -5.097872722178467011e-09 -1.542415024855421238e-09 -8.432040014551090049e-10 4.611130804165053348e-10 1.276040976152086115e-10 -6.626077011966296052e-10 -5.591741930584457161e-10 -6.699407242196807078e-10 -3.717602434117446423e-10 -4.300801384296511084e-11 4.027763709735054918e-10 4.079647184424447980e-10 1.656004325284665060e-10
-2.259280761563585507e-08 -1.921702463869687277e-09 -4.486206309522881584e-08 2.900331627412838277e-08 5.490692339842549346e-09 3.613867035365695905e-09 -1.094755426064313898e-09 -5.094180591106133856e-09 -5.097872722178467011e-09 2.210617623459163721e-08 5.674903621727082926e-10 -5.489578126985134831e-10 6.059334239197684508e-10 -4.690921322247092441e-10 1.194451835564428709e-09 8.093139139070013170e-10 2.451572180560902835e-10 4.788933320531515479e-10 2.741049240839577864e-10 5.875128724168619341e-10 2.204577173381520557e-10 1.030330750385030763e-10
3.990251142253738592e-08 -5.119454285108382517e-08 -2.691398251251002618e-08 2.999758200181768715e-08 -5.867396148857288279e-09 5.839927249642236596e-09 4.394600444409702326e-09 3.955336997133876886e-11 -1.542415024855421238e-09 5.674903621727082926e-10 1.157912648285696763e-08 1.654499132362113011e-10 6.964717587826508631e-10 4.569709091177157122e-10 1.682748555991513927e-10 -3.559849290549821687e-10 1.296394943736813068e-10 5.618575374361449032e-11 6.826698451921357169e-11 1.647654261714309326e-10 8.724028679752294123e-11 6.358582546724335786e-11
-1.469205674704096736e-08 1.762017553725798791e-08 6.451860014915976084e-09 4.749872816347236597e-09 -1.227177285547153814e-09 3.827906854352043390e-09 1.412368621554826591e-09 -2.356211076080944741e-09 -8.432040014551090049e-10 -5.489578126985134831e-10 1.654499132362113011e-10 5.496664458574894296e-09 6.281546431923859466e-10 -1.097488654776182795e-10 -1.883010612235864773e-10 -1.616901480059379363e-11 -1.357544638405347658e-10 -1.768389185444467273e-10 -1.159236814664722965e-10 4.975321566104245025e-11 1.138225046523345985e-10 -4.471661428317295126e-12
-2.660442462518320692e-08 -3.857416402461655375e-09 -2.562628416825311108e-08 -2.544996257126242293e-09 9.054528194026487914e-09 5.077161500334180072e-09 -3.572290038161173826e-09 5.898401161596918876e-11 4.611130804165053348e-10 6.059334239197684508e-10 6.964717587826508631e-10 6.281546431923859466e-10 2.556502865581554143e-09 3.497345005464458300e-10 7.640808660370214849e-11 1.714350802479852917e-10 -1.514303647413574874e-10 -5.201320097280291813e-11 -3.714535696874806698e-11 6.032041639072337573e-11 7.929294575323096836e-11 5.245286084215021028e-11
1.023838694510426093e-08 -1.171299256379102699e-08 -7.368930806232067197e-09 4.736389030319505583e-09 7.361903192603723162e-10 -3.912487395076933253e-09 4.209871119540452455e-09 8.424180731215251264e-10 1.276040976152086115e-10 -4.690921322247092441e-10 4.569709091177157122e-10 -1.097488654776182795e-10 3.497345005464458300e-10 1.752263214879326195e-09 1.954065348485084336e-10 -8.109462518646922088e-11 6.107169001896507551e-11 -2.226275640652179960e-11 -1.753281164516955849e-11 -1.772170680316755345e-11 -2.263378426594996692e-11 1.511846679202921216e-11
-3.879094884658617844e-09 9.007747191184733708e-09 -6.731102468778034093e-10 2.932695727875069186e-09 3.891610559548227015e-09 8.195064469564644180e-10 -1.077506692185467296e-09 7.497806284900834152e-10 -6.626077011966296052e-10 1.194451835564428709e-09 1.682748555991513927e-10 -1.883010612235864773e-10 7.640808660370214849e-11 1.954065348485084336e-10 9.720940675909217020e-10 1.447978627476497302e-10 5.225505002796223433e-11 7.923827500049954786e-11 3.532834476637232610e-11 8.187519191802743139e-11 3.235102221781128317e-12 -2.558273310724864647e-11
-1.253358623438565773e-09 -8.536862876185825771e-09 -1.748623984862316588e-09 -4.347259616871895437e-09 -4.051041882977176676e-09 6.751469328941102798e-11 -1.467984205632449835e-09 -1.569453602654006414e-09 -5.591741930584457161e-10 8.093139139070013170e-10 -3.559849290549821687e-10 -1.616901480059379363e-11 1.714350802479852917e-10 -8.109462518646922088e-11 1.447978627476497302e-10 6.411217924531065391e-10 2.367125526246156310e-11 -5.578429354208556540e-12 6.978302486040922147e-12 -1.267704824958715669e-11 -1.754615255320442395e-11 -3.266236343069490278e-11
8.801874866987605395e-09 4.296108413366750633e-10 5.602148910764891678e-10 9.666825762457129966e-11 1.261978605560351492e-09 -1.601689997795093909e-10 -1.168041100052545170e-09 3.567408416020390213e-10 -6.699407242196807078e-10 2.451572180560902835e-10 1.296394943736813068e-10 -1.357544638405347658e-10 -1.514303647413574874e-10 6.107169001896507551e-11 5.225505002796223433e-11 2.367125526246156310e-11 3.505397137101643290e-10 9.358097796226793403e-11 2.191598704408709863e-11 3.372245055041388220e-12 -2.520865149211306680e-12 2.067179015943480510e-11
-8.152326229269025528e-09 -3.287727371307726172e-10 -7.033236172198664371e-10 3.011881981523601212e-09 4.540322757955233290e-09 -9.392919803009725873e-11 2.566642773001414279e-10 -2.968963648658121428e-11 -3.717602434117446423e-10 4.788933320531515479e-10 5.618575374361449032e-11 -1.768389185444467273e-10 -5.201320097280291813e-11 -2.226275640652179960e-11 7.923827500049954786e-11 -5.578429354208556540e-12 9.358097796226793403e-11 2.513403599023876559e-10 5.999687528385143316e-11 4.294125848771183969e-11 2.267076871789062943e-11 2.411403141817411003e-11
-4.513827406670383128e-09 -1.731508284743720485e-09 -1.445636985577323103e-10 8.522077973541411310e-10 2.504909624288273919e-10 -8.474956516072495963e-11 2.379612540182110904e-10 -1.430634606554513278e-10 -4.300801384296511084e-11 2.741049240839577864e-10 6.826698451921357169e-11 -1.159236814664722965e-10 -3.714535696874806698e-11 -1.753281164516955849e-11 3.532834476637232610e-11 6.978302486040922147e-12 2.191598704408709863e-11 5.999687528385143316e-11 1.231048046354055352e-10 4.021651073977224281e-11 7.203007440583831667e-12 1.006651699737681125e-11
-3.147420412662142084e-09 1.415578475373141708e-09 -6.222075224180897439e-09 1.426993230498138677e-09 2.345979306542285495e-10 1.049978937500778067e-10 3.877493727725339510e-11 -2.169920324977974754e-11 4.027763709735054918e-10 5.875128724168619341e-10 1.647654261714309326e-10 4.975321566104245025e-11 6.032041639072337573e-11 -1.772170680316755345e-11 8.187519191802743139e-11 -1.267704824958715669e-11 3.372245055041388220e-12 4.294125848771183969e-11 4.021651073977224281e-11 1.548054820957958861e-10 4.763253194296365023e-11 1.266816473591483187e-11
-1.747254943554600049e-09 1.620743211810780623e-09 -1.996386510651929096e-09 5.479858634572731803e-10 -1.647324701274520925e-10 -2.635318089698308336e-10 -2.765496857517285929e-10 1.101697392104849769e-10 4.079647184424447980e-10 2.204577173381520557e-10 8.724028679752294123e-11 1.138225046523345985e-10 7.929294575323096836e-11 -2.263378426594996692e-11 3.235102221781128317e-12 -1.754615255320442395e-11 -2.520865149211306680e-12 2.267076871789062943e-11 7.203007440583831667e-12 4.763253194296365023e-11 5.945987893988472200e-11 3.318109418583336912e-11
3.882398147432762234e-10 3.024605155002753465e-10 -1.087391630671036549e-09 -6.906126762059768911e-11 -8.796409272223488866e-10 -2.331439260602848587e-10 -2.070946324119034176e-10 2.947461280947743002e-10 1.656004325284665060e-10 1.030330750385030763e-10 6.358582546724335786e-11 -4.471661428317295126e-12 5.245286084215021028e-11 1.511846679202921216e-11 -2.558273310724864647e-11 -3.266236343069490278e-11 2.067179015943480510e-11 2.411403141817411003e-11 1.006651699737681125e-11 1.266816473591483187e-11 3.318109418583336912e-11 6.211701050554208827e-11
