# Jackknife Covariance with Weights
6.443868501713844876e-06 1.574860000413494070e-07 6.195637135229844455e-07 3.506944775040258039e-07 -1.788706831549961525e-07 -7.205029371543829641e-08 2.472943930173652212e-08 -4.812990801865770588e-08 -5.008217939135200438e-08 4.495183686508616920e-08 1.515081951121146194e-08 -6.047725208014355963e-09 -2.578413682000793240e-08 -1.930275796593673528e-08 5.437257642257458125e-10 3.144894572883132827e-09 -6.315903169524617993e-09 -6.794604537678977159e-09 -9.290110285659812831e-09 -9.392610564053073235e-09 -8.882176332962971726e-09 -1.391842375537539553e-09
1.574860000413494070e-07 3.200370363773119638e-06 6.049513915310587320e-07 1.671822755955697360e-08 -9.416827076815006583e-08 6.506344911289970387e-08 -5.847063706394064580e-08 3.090940275826808137e-09 4.120158003999707352e-08 -2.058156754374634473e-08 -5.687329471836585352e-09 2.488900214151068036e-08 -1.158939225240484289e-08 2.219365438783208544e-09 2.498994863833686845e-09 -2.864051776749743832e-09 4.645088379470571273e-09 5.829367703989954688e-10 9.788609998253711889e-10 2.491523842866016874e-09 2.500237471567675739e-09 5.040092361681966938e-11
6.195637135229844455e-07 6.049513915310587320e-07 1.569011652133073802e-06 3.420629689862538767e-07 4.578964616003485948e-08 2.891989351232543882e-08 -3.887085381416399975e-08 3.825475461683529462e-08 -8.822974874719377620e-10 -1.896288935109259253e-08 -1.688426805769512667e-08 1.829832697766529080e-08 -1.356782152885773635e-08 -3.754359216396413396e-09 1.126368012662506142e-09 -1.714149220168748370e-10 -9.247459163685696381e-10 -2.348835416931833041e-09 -8.229508807847310765e-10 -2.905584260872872171e-09 -2.847829313699859461e-09 -1.462395999276778416e-09
3.506944775040258039e-07 1.671822755955697360e-08 3.420629689862538767e-07 9.103753530312437178e-07 -7.716491596911142435e-08 -6.714426166470132926e-09 8.723337181911288196e-08 3.950009914168271615e-08 -2.006744007449550705e-08 -2.670540566538211933e-09 4.687691316766516304e-09 3.712078084363006322e-09 -6.247423459061876712e-09 2.109474695302206801e-09 -6.610513655301882255e-10 -2.314830315706960059e-09 -4.604417432243764258e-09 -1.957398430948355250e-09 1.504269694916977333e-09 1.670420041902358689e-10 -6.876211029268064288e-10 -7.910884259113534977e-10
-1.788706831549961525e-07 -9.416827076815006583e-08 4.578964616003485948e-08 -7.716491596911142435e-08 5.250368140563409046e-07 -1.687091261289693152e-08 -1.027279420787524017e-08 -7.585040688517151028e-09 -1.614926340435482052e-08 -1.842765350910408716e-08 -7.136025717642910150e-10 -8.274766453046351162e-09 -3.120504394558018336e-09 -2.298697769835433788e-09 -1.497476345784739253e-09 -1.468049274916472634e-09 8.000938957834793742e-10 1.901580492562966886e-09 -2.300587381866591860e-10 -2.642309627412932616e-10 -1.564231676135857121e-09 -1.217227482479127594e-09
-7.205029371543829641e-08 6.506344911289970387e-08 2.891989351232543882e-08 -6.714426166470132926e-09 -1.687091261289693152e-08 1.622223350478260007e-07 -1.362475169972724861e-08 6.519873448146179897e-09 -4.670696610599254103e-10 5.370923351848952291e-09 -1.798475047397476433e-09 -2.794335995813926837e-09 -1.583540393586136880e-09 -2.944264803760185432e-09 -2.914287102684519738e-09 -7.117317339357036776e-10 -1.266717785194575527e-09 1.208692298031343487e-10 7.546809598833977873e-10 3.953870409448946837e-10 -1.564854112145037926e-10 -7.547338980614957626e-10
2.472943930173652212e-08 -5.847063706394064580e-08 -3.887085381416399975e-08 8.723337181911288196e-08 -1.027279420787524017e-08 -1.362475169972724861e-08 1.445984705797714668e-07 -9.289758704847043451e-09 9.117283472479430174e-10 -1.105589762074536376e-09 -6.379557153412145631e-10 -1.801164432412903733e-09 1.012116684826388886e-09 1.024154687292680280e-09 -7.912024648052742263e-11 5.672825529861019683e-10 -8.311156210712701858e-10 3.057644619880324703e-11 8.380068258989894596e-11 4.804594048135204543e-10 -4.785851047532608219e-10 -8.954577430544973714e-10
-4.812990801865770588e-08 3.090940275826808137e-09 3.825475461683529462e-08 3.950009914168271615e-08 -7.585040688517151028e-09 6.519873448146179897e-09 -9.289758704847043451e-09 5.483858732139840942e-08 -7.358346787437197077e-09 -1.182686846564519572e-09 -5.259551937555981823e-10 3.765442011549229295e-09 3.365841592908273129e-10 1.428089048006574634e-09 1.734712510980800991e-09 -1.460710678616456306e-10 7.316003961770440336e-10 6.342325529888056716e-10 8.829520324849491828e-10 9.303258908957827589e-10 5.710294142729383525e-10 -3.225853574621181325e-11
-5.008217939135200438e-08 4.120158003999707352e-08 -8.822974874719377620e-10 -2.006744007449550705e-08 -1.614926340435482052e-08 -4.670696610599254103e-10 9.117283472479430174e-10 -7.358346787437197077e-09 3.223231094559965000e-08 3.156757679522057699e-09 -2.078837232802415222e-09 9.394175953053067673e-10 1.209437842252304248e-09 -7.224311558445736952e-11 -1.149239682986215354e-09 1.006638637114374220e-10 -5.290270309822730344e-10 -4.715367134286335843e-11 2.429674097833242582e-10 -3.804879788371147078e-11 6.332204157357098163e-11 -3.469810445093135033e-11
4.495183686508616920e-08 -2.058156754374634473e-08 -1.896288935109259253e-08 -2.670540566538211933e-09 -1.842765350910408716e-08 5.370923351848952291e-09 -1.105589762074536376e-09 -1.182686846564519572e-09 3.156757679522057699e-09 1.899485713699296105e-08 -1.215697432174050863e-09 -3.063510622588268168e-09 -6.341029558029921384e-11 -2.409831479560450819e-10 -6.964551773864246538e-10 1.169163411529629590e-10 -3.087766954883216842e-10 2.659236230720721194e-10 1.433204485529874319e-10 9.815387045446167806e-11 1.961144205291303392e-11 3.298353001936601805e-11
1.515081951121146194e-08 -5.687329471836585352e-09 -1.688426805769512667e-08 4.687691316766516304e-09 -7.136025717642910150e-10 -1.798475047397476433e-09 -6.379557153412145631e-10 -5.259551937555981823e-10 -2.078837232802415222e-09 -1.215697432174050863e-09 8.685220474220812475e-09 9.112394098327669380e-10 -7.443398929668761418e-11 -3.745937432749434018e-10 -1.163717275675324598e-10 2.412358272496335320e-10 7.883872743644581504e-11 -1.527644941950505138e-11 1.709001249614598332e-10 7.438374618115511010e-11 1.391830272029006321e-10 -7.471868739309611784e-11
-6.047725208014355963e-09 2.488900214151068036e-08 1.829832697766529080e-08 3.712078084363006322e-09 -8.274766453046351162e-09 -2.794335995813926837e-09 -1.801164432412903733e-09 3.765442011549229295e-09 9.394175953053067673e-10 -3.063510622588268168e-09 9.112394098327669380e-10 5.063686446395799558e-09 3.592150211084660899e-10 4.773134216844022673e-10 2.962690429274580682e-10 -1.421209400278143836e-10 1.160745015545218397e-11 -4.049225975559072920e-12 2.937112405235543056e-10 2.103048724836504441e-10 2.385733999849940984e-10 -6.120746447733481941e-11
-2.578413682000793240e-08 -1.158939225240484289e-08 -1.356782152885773635e-08 -6.247423459061876712e-09 -3.120504394558018336e-09 -1.583540393586136880e-09 1.012116684826388886e-09 3.365841592908273129e-10 1.209437842252304248e-09 -6.341029558029921384e-11 -7.443398929668761418e-11 3.592150211084660899e-10 2.375956925159312902e-09 8.641346716528632142e-10 1.916803764023318495e-10 1.440991734996158810e-10 -1.252274201550793046e-10 -1.737357352218714433e-11 1.062519287828039847e-10 1.248726022654239253e-10 1.220398956046798039e-10 9.363785370650471349e-11
-1.930275796593673528e-08 2.219365438783208544e-09 -3.754359216396413396e-09 2.109474695302206801e-09 -2.298697769835433788e-09 -2.944264803760185432e-09 1.024154687292680280e-09 1.428089048006574634e-09 -7.224311558445736952e-11 -2.409831479560450819e-10 -3.745937432749434018e-10 4.773134216844022673e-10 8.641346716528632142e-10 1.624080826600000874e-09 3.137560891421877672e-10 9.760720031060909756e-11 -3.006478465169106586e-11 -6.533585222988243660e-11 7.601828071189326008e-11 7.356412027844597983e-11 1.431102060637648073e-10 7.635808799029433110e-11
5.437257642257458125e-10 2.498994863833686845e-09 1.126368012662506142e-09 -6.610513655301882255e-10 -1.497476345784739253e-09 -2.914287102684519738e-09 -7.912024648052742263e-11 1.734712510980800991e-09 -1.149239682986215354e-09 -6.964551773864246538e-10 -1.163717275675324598e-10 2.962690429274580682e-10 1.916803764023318495e-10 3.137560891421877672e-10 1.038941131564418569e-09 2.559103264330283712e-10 2.593624741481078680e-10 1.162818433619481109e-10 9.127760188045613483e-11 5.183680324351260994e-11 7.008590982605347317e-11 1.643660232309659863e-11
3.144894572883132827e-09 -2.864051776749743832e-09 -1.714149220168748370e-10 -2.314830315706960059e-09 -1.468049274916472634e-09 -7.117317339357036776e-10 5.672825529861019683e-10 -1.460710678616456306e-10 1.006638637114374220e-10 1.169163411529629590e-10 2.412358272496335320e-10 -1.421209400278143836e-10 1.440991734996158810e-10 9.760720031060909756e-11 2.559103264330283712e-10 5.767779259120014786e-10 1.850325404919207163e-10 9.623804625322196232e-11 5.046027834744869731e-11 -2.166029688470167215e-11 -2.792072045044216000e-11 -3.598322523374733604e-11
-6.315903169524617993e-09 4.645088379470571273e-09 -9.247459163685696381e-10 -4.604417432243764258e-09 8.000938957834793742e-10 -1.266717785194575527e-09 -8.311156210712701858e-10 7.316003961770440336e-10 -5.290270309822730344e-10 -3.087766954883216842e-10 7.883872743644581504e-11 1.160745015545218397e-11 -1.252274201550793046e-10 -3.006478465169106586e-11 2.593624741481078680e-10 1.850325404919207163e-10 4.437351668785422976e-10 1.681659250483785557e-10 4.211863255838458672e-11 1.488997165473027551e-11 -9.003882630553681849e-12 -1.047614992190375503e-11
-6.794604537678977159e-09 5.829367703989954688e-10 -2.348835416931833041e-09 -1.957398430948355250e-09 1.901580492562966886e-09 1.208692298031343487e-10 3.057644619880324703e-11 6.342325529888056716e-10 -4.715367134286335843e-11 2.659236230720721194e-10 -1.527644941950505138e-11 -4.049225975559072920e-12 -1.737357352218714433e-11 -6.533585222988243660e-11 1.162818433619481109e-10 9.623804625322196232e-11 1.681659250483785557e-10 2.615506088064950288e-10 1.106316492298103669e-10 5.481579852093207589e-11 -5.409787101983519793e-12 -2.113216454881467896e-11
-9.290110285659812831e-09 9.788609998253711889e-10 -8.229508807847310765e-10 1.504269694916977333e-09 -2.300587381866591860e-10 7.546809598833977873e-10 8.380068258989894596e-11 8.829520324849491828e-10 2.429674097833242582e-10 1.433204485529874319e-10 1.709001249614598332e-10 2.937112405235543056e-10 1.062519287828039847e-10 7.601828071189326008e-11 9.127760188045613483e-11 5.046027834744869731e-11 4.211863255838458672e-11 1.106316492298103669e-10 2.265146565800064320e-10 8.970474415180017572e-11 4.553112696429297936e-11 -2.393393526594131509e-11
-9.392610564053073235e-09 2.491523842866016874e-09 -2.905584260872872171e-09 1.670420041902358689e-10 -2.642309627412932616e-10 3.953870409448946837e-10 4.804594048135204543e-10 9.303258908957827589e-10 -3.804879788371147078e-11 9.815387045446167806e-11 7.438374618115511010e-11 2.103048724836504441e-10 1.248726022654239253e-10 7.356412027844597983e-11 5.183680324351260994e-11 -2.166029688470167215e-11 1.488997165473027551e-11 5.481579852093207589e-11 8.970474415180017572e-11 1.792125723239674897e-10 1.082510784242812696e-10 4.393317368461213396e-12
-8.882176332962971726e-09 2.500237471567675739e-09 -2.847829313699859461e-09 -6.876211029268064288e-10 -1.564231676135857121e-09 -1.564854112145037926e-10 -4.785851047532608219e-10 5.710294142729383525e-10 6.332204157357098163e-11 1.961144205291303392e-11 1.391830272029006321e-10 2.385733999849940984e-10 1.220398956046798039e-10 1.431102060637648073e-10 7.008590982605347317e-11 -2.792072045044216000e-11 -9.003882630553681849e-12 -5.409787101983519793e-12 4.553112696429297936e-11 1.082510784242812696e-10 1.622106970339189641e-10 6.785401974551423746e-11
-1.391842375537539553e-09 5.040092361681966938e-11 -1.462395999276778416e-09 -7.910884259113534977e-10 -1.217227482479127594e-09 -7.547338980614957626e-10 -8.954577430544973714e-10 -3.225853574621181325e-11 -3.469810445093135033e-11 3.298353001936601805e-11 -7.471868739309611784e-11 -6.120746447733481941e-11 9.363785370650471349e-11 7.635808799029433110e-11 1.643660232309659863e-11 -3.598322523374733604e-11 -1.047614992190375503e-11 -2.113216454881467896e-11 -2.393393526594131509e-11 4.393317368461213396e-12 6.785401974551423746e-11 1.395824580674827723e-10
