# cross term covariance
8.512802191219674661e-06 1.330073920874009071e-06 1.304324298114226201e-06 2.168585136084648770e-07 8.394422552231673790e-07 -1.997580931671824672e-07 -7.676273555735975161e-08 -1.269145104013825146e-07 -1.197799465630776393e-07 3.061580472283251667e-09 -6.874446082558531970e-09 1.164296461031935845e-08 -3.574943976485227117e-08 5.953824859819261367e-08 5.606100242061008737e-09 3.435247007726393812e-09 -2.202896782458973828e-08 3.902349975830154187e-10 1.017303462642994154e-08 6.863955684416983721e-09 -1.095852815712338664e-08 -1.007152648891440045e-08
1.330073920874009071e-06 2.271676261187511879e-06 6.340104740626965016e-07 -6.167156020123674094e-08 4.188605438681396229e-07 -7.208378347857374006e-08 -2.503959641466265146e-08 -5.496926033386043589e-08 -3.836267108004557485e-08 -1.320391672120718564e-08 -4.052636496568054003e-09 1.535095125850705112e-08 -3.696685582931469633e-11 1.698783545607532824e-08 -1.887024586294460335e-09 3.626699014617899378e-09 -7.289925697107239121e-09 -1.913923603331926835e-10 1.565642053790561170e-09 9.344121493092458155e-10 -3.046834745083801933e-09 -2.738340594041627860e-09
1.304324298114226201e-06 6.340104740626965016e-07 2.307563226349920270e-06 2.237172890872489268e-07 4.517743876447853092e-07 -1.163537100174768881e-07 7.878967760600322283e-09 -1.436849465117208684e-07 -1.030623167530446840e-07 2.456331377854289894e-08 -1.687598872466518227e-08 -1.679371925438478388e-08 -1.194211373879059199e-08 2.938077038257506629e-08 6.417094583835303506e-09 -9.700613541074845226e-10 -1.159645502805263225e-08 -3.337622750489350897e-09 1.382671727466533343e-09 5.509024220827027014e-10 -6.704814998279193085e-09 -8.863948296343601190e-09
2.168585136084648770e-07 -6.167156020123674094e-08 2.237172890872489268e-07 6.401481724476131427e-07 -1.242621952720325758e-08 -1.795732956940510619e-08 1.913097883997747447e-08 -6.894290072641502731e-09 -2.126200738543380712e-08 2.113060024205917684e-08 -8.652366003336766707e-09 -2.161227567224286806e-09 -1.390285923056214180e-09 2.908900911382621925e-09 7.839420215828650958e-10 -2.803156153837394341e-09 -2.890420134347435472e-09 -2.579279650361318077e-10 -5.236955292952740709e-10 2.173728923445050962e-10 -1.886905626747918560e-09 -1.969663001934052626e-09
8.394422552231673790e-07 4.188605438681396229e-07 4.517743876447853092e-07 -1.242621952720325758e-08 5.907533159355150417e-07 -7.137314543424498946e-08 -2.863590087445688004e-09 -5.510955247840643003e-08 -4.241394010402165379e-08 -8.757970082367750371e-09 -4.155444692807012159e-10 8.240129656146043407e-09 -8.318852793670651493e-09 1.057867042079332457e-08 2.324059895770586139e-09 1.559289680547391858e-09 -3.217600190297609196e-09 -2.451062329526110140e-10 2.666938088659987535e-09 1.078991842549970913e-09 -1.704562844841377894e-09 -1.785801717536061585e-09
-1.997580931671824672e-07 -7.208378347857374006e-08 -1.163537100174768881e-07 -1.795732956940510619e-08 -7.137314543424498946e-08 2.027449003084828228e-07 -1.549337989026506903e-08 2.701139827735522834e-08 -1.198583840874565194e-09 8.087881233929441151e-09 -5.642980556102300035e-09 1.027717779308658863e-09 -1.881459508632914386e-09 -3.793547534980834096e-09 -1.144164894257043017e-09 8.340092729621922475e-10 8.646713558767126125e-10 -4.972843961931285190e-10 -5.332617338246159011e-10 -6.455978716065725684e-10 3.791277970167891832e-10 4.236113014190869663e-10
-7.676273555735975161e-08 -2.503959641466265146e-08 7.878967760600322283e-09 1.913097883997747447e-08 -2.863590087445688004e-09 -1.549337989026506903e-08 8.880334186762863014e-08 -3.936280140843399743e-09 -4.097637270825749968e-09 5.178102530850871103e-09 1.156347305645599302e-09 1.512988801992937824e-09 1.074392522971355086e-09 -1.315631420282110209e-09 -6.996686834325902264e-11 -6.271639739529222713e-10 -4.457773681834408234e-11 -3.541990868682645325e-10 -2.147760740552285254e-10 2.261165387632903923e-10 8.560369709286060291e-11 3.271183131087639681e-10
-1.269145104013825146e-07 -5.496926033386043589e-08 -1.436849465117208684e-07 -6.894290072641502731e-09 -5.510955247840643003e-08 2.701139827735522834e-08 -3.936280140843399743e-09 5.885697035528473967e-08 8.572097392575581061e-09 -2.215814094541916233e-09 -1.588558996357876029e-09 4.524035432726457541e-10 2.250220116251484465e-09 -3.278138262580885523e-09 -1.013152268092444726e-09 -8.495970922850218501e-11 8.659937218159527689e-10 2.451691895776078225e-10 5.266286569607326265e-11 -1.923434788849373060e-11 8.136090975727543683e-10 8.452229483491675405e-10
-1.197799465630776393e-07 -3.836267108004557485e-08 -1.030623167530446840e-07 -2.126200738543380712e-08 -4.241394010402165379e-08 -1.198583840874565194e-09 -4.097637270825749968e-09 8.572097392575581061e-09 2.302709790187208651e-08 -2.159777870296456138e-09 -5.877753571327503262e-11 6.438509640012688102e-10 1.701454375944699508e-09 -1.985451216759170115e-09 -5.439799331649612677e-10 -5.886513122343173252e-11 9.277568273027804876e-10 2.191307368024732013e-10 -1.404182489816850665e-10 -5.501681719208811339e-11 5.747340663602451154e-10 6.529906953666052382e-10
3.061580472283251667e-09 -1.320391672120718564e-08 2.456331377854289894e-08 2.113060024205917684e-08 -8.757970082367750371e-09 8.087881233929441151e-09 5.178102530850871103e-09 -2.215814094541916233e-09 -2.159777870296456138e-09 1.597994112960539059e-08 -5.278629081919788218e-10 -7.936510610391155674e-10 -9.598044069529339413e-10 2.934123696830849117e-10 -6.149910056978186564e-10 -2.838459194774957315e-10 -6.023269896622548761e-11 6.316254500840650130e-11 -4.333513446405440273e-11 9.213100379940121220e-11 -1.450059403724785130e-11 3.588565290429351927e-11
-6.874446082558531970e-09 -4.052636496568054003e-09 -1.687598872466518227e-08 -8.652366003336766707e-09 -4.155444692807012159e-10 -5.642980556102300035e-09 1.156347305645599302e-09 -1.588558996357876029e-09 -5.877753571327503262e-11 -5.278629081919788218e-10 5.241888664049316906e-09 -4.105854289879760949e-10 2.655856204101816911e-10 -1.755874434599984104e-10 5.238149711117893163e-11 -3.095515301185688164e-10 1.164836862067954275e-10 4.610257291249673771e-11 1.924862278209243924e-11 -5.200807606276839468e-11 4.768321987065706468e-11 4.718711687161371280e-12
1.164296461031935845e-08 1.535095125850705112e-08 -1.679371925438478388e-08 -2.161227567224286806e-09 8.240129656146043407e-09 1.027717779308658863e-09 1.512988801992937824e-09 4.524035432726457541e-10 6.438509640012688102e-10 -7.936510610391155674e-10 -4.105854289879760949e-10 2.937137728869392657e-09 -8.295211829990939139e-11 -3.156931479339108594e-10 -8.662082413380844966e-11 2.343096652011130592e-11 -4.307168748730643648e-11 -4.733811004633318685e-11 -1.428678090971649438e-11 -1.767997127768023419e-11 2.249088206142645484e-11 5.110182908631711036e-11
-3.574943976485227117e-08 -3.696685582931469633e-11 -1.194211373879059199e-08 -1.390285923056214180e-09 -8.318852793670651493e-09 -1.881459508632914386e-09 1.074392522971355086e-09 2.250220116251484465e-09 1.701454375944699508e-09 -9.598044069529339413e-10 2.655856204101816911e-10 -8.295211829990939139e-11 1.933966545187051083e-09 -7.794912873661624464e-10 -1.246288974452619825e-10 -7.393565563826987768e-11 2.209286906507605265e-10 2.437028796744706350e-11 -1.071763585300433936e-10 -1.832285295480792441e-11 9.505261667909888980e-11 1.031920304863200745e-10
5.953824859819261367e-08 1.698783545607532824e-08 2.938077038257506629e-08 2.908900911382621925e-09 1.057867042079332457e-08 -3.793547534980834096e-09 -1.315631420282110209e-09 -3.278138262580885523e-09 -1.985451216759170115e-09 2.934123696830849117e-10 -1.755874434599984104e-10 -3.156931479339108594e-10 -7.794912873661624464e-10 1.577846506374388224e-09 1.437361280898149351e-10 7.490845794276980784e-11 -3.335151493081798504e-10 -2.253654639470687820e-11 1.028038817857563067e-10 4.825902319161480704e-11 -2.099284112438962840e-10 -2.222888399402398372e-10
5.606100242061008737e-09 -1.887024586294460335e-09 6.417094583835303506e-09 7.839420215828650958e-10 2.324059895770586139e-09 -1.144164894257043017e-09 -6.996686834325902264e-11 -1.013152268092444726e-09 -5.439799331649612677e-10 -6.149910056978186564e-10 5.238149711117893163e-11 -8.662082413380844966e-11 -1.246288974452619825e-10 1.437361280898149351e-10 3.816403914558954888e-10 -6.740858151470376707e-12 -2.624685459087790715e-11 -3.139410961578126351e-11 -2.090266130628375109e-12 -1.428192270590991925e-11 -4.108644349565519099e-11 -5.750874498979314986e-11
3.435247007726393812e-09 3.626699014617899378e-09 -9.700613541074845226e-10 -2.803156153837394341e-09 1.559289680547391858e-09 8.340092729621922475e-10 -6.271639739529222713e-10 -8.495970922850218501e-11 -5.886513122343173252e-11 -2.838459194774957315e-10 -3.095515301185688164e-10 2.343096652011130592e-11 -7.393565563826987768e-11 7.490845794276980784e-11 -6.740858151470376707e-12 2.174427953313100743e-10 1.165703205937362931e-11 2.062430199522418632e-11 -8.691116140879593027e-12 -7.290339258049102674e-13 -1.635513186700919363e-11 -1.206189605988735678e-11
-2.202896782458973828e-08 -7.289925697107239121e-09 -1.159645502805263225e-08 -2.890420134347435472e-09 -3.217600190297609196e-09 8.646713558767126125e-10 -4.457773681834408234e-11 8.659937218159527689e-10 9.277568273027804876e-10 -6.023269896622548761e-11 1.164836862067954275e-10 -4.307168748730643648e-11 2.209286906507605265e-10 -3.335151493081798504e-10 -2.624685459087790715e-11 1.165703205937362931e-11 2.316997578281653393e-10 2.309960187383421183e-11 -3.316050326831519056e-11 -1.614217586101885013e-12 7.570745201755374723e-11 8.765012147469015843e-11
3.902349975830154187e-10 -1.913923603331926835e-10 -3.337622750489350897e-09 -2.579279650361318077e-10 -2.451062329526110140e-10 -4.972843961931285190e-10 -3.541990868682645325e-10 2.451691895776078225e-10 2.191307368024732013e-10 6.316254500840650130e-11 4.610257291249673771e-11 -4.733811004633318685e-11 2.437028796744706350e-11 -2.253654639470687820e-11 -3.139410961578126351e-11 2.062430199522418632e-11 2.309960187383421183e-11 7.027499051804220696e-11 2.093627909940731703e-11 1.353961509801409446e-11 2.240140919518790335e-11 2.536754689297743159e-11
1.017303462642994154e-08 1.565642053790561170e-09 1.382671727466533343e-09 -5.236955292952740709e-10 2.666938088659987535e-09 -5.332617338246159011e-10 -2.147760740552285254e-10 5.266286569607326265e-11 -1.404182489816850665e-10 -4.333513446405440273e-11 1.924862278209243924e-11 -1.428678090971649438e-11 -1.071763585300433936e-10 1.028038817857563067e-10 -2.090266130628375109e-12 -8.691116140879593027e-12 -3.316050326831519056e-11 2.093627909940731703e-11 7.419885498088366651e-11 3.991806067376239769e-11 2.231373401708036721e-11 2.318197571510592154e-11
6.863955684416983721e-09 9.344121493092458155e-10 5.509024220827027014e-10 2.173728923445050962e-10 1.078991842549970913e-09 -6.455978716065725684e-10 2.261165387632903923e-10 -1.923434788849373060e-11 -5.501681719208811339e-11 9.213100379940121220e-11 -5.200807606276839468e-11 -1.767997127768023419e-11 -1.832285295480792441e-11 4.825902319161480704e-11 -1.428192270590991925e-11 -7.290339258049102674e-13 -1.614217586101885013e-12 1.353961509801409446e-11 3.991806067376239769e-11 5.806871825439468900e-11 3.678448178753983938e-11 4.716182766692270194e-11
-1.095852815712338664e-08 -3.046834745083801933e-09 -6.704814998279193085e-09 -1.886905626747918560e-09 -1.704562844841377894e-09 3.791277970167891832e-10 8.560369709286060291e-11 8.136090975727543683e-10 5.747340663602451154e-10 -1.450059403724785130e-11 4.768321987065706468e-11 2.249088206142645484e-11 9.505261667909888980e-11 -2.099284112438962840e-10 -4.108644349565519099e-11 -1.635513186700919363e-11 7.570745201755374723e-11 2.240140919518790335e-11 2.231373401708036721e-11 3.678448178753983938e-11 1.132361631351800429e-10 1.214277008658138549e-10
-1.007152648891440045e-08 -2.738340594041627860e-09 -8.863948296343601190e-09 -1.969663001934052626e-09 -1.785801717536061585e-09 4.236113014190869663e-10 3.271183131087639681e-10 8.452229483491675405e-10 6.529906953666052382e-10 3.588565290429351927e-11 4.718711687161371280e-12 5.110182908631711036e-11 1.031920304863200745e-10 -2.222888399402398372e-10 -5.750874498979314986e-11 -1.206189605988735678e-11 8.765012147469015843e-11 2.536754689297743159e-11 2.318197571510592154e-11 4.716182766692270194e-11 1.214277008658138549e-10 1.622519462529397670e-10
