# cross term covariance
1.787260092910254104e-05 -5.061506462668888037e-06 2.161813160145695684e-06 1.920496881120500270e-06 2.333336282885849364e-06 3.297746574800344556e-07 1.616065464460419053e-07 -7.465767981954566483e-07 -3.810714013237173149e-07 -1.014547191392766653e-07 1.312680765625440865e-07 -1.235204361056075322e-08 1.266723912822654445e-07 -1.162993534019559495e-07 -4.913944238223050234e-08 -5.149940543929378924e-08 9.973187786883709712e-08 4.056258899678162089e-08 -4.812014860001597565e-08 -3.199041230642594480e-09 2.486278374103608068e-08 2.262283664444827659e-08
-5.061506462668888037e-06 7.077363774914137735e-06 -1.223008663162258649e-06 -8.852981720303349557e-07 -1.323321941023869779e-06 -2.185226853318699435e-07 -7.671725746317220425e-08 2.629670785819712645e-07 1.138241918802865926e-07 -1.553923093868642350e-08 -5.595479243998484584e-08 -1.171707591405302371e-08 -5.492050755601140302e-08 4.036344648343998367e-08 2.336117886159003931e-08 5.750731289803389312e-09 -4.198748488200734740e-08 -1.474681261138852618e-08 1.355341346398998421e-08 6.514980524611871075e-09 -1.085053034268756195e-08 -9.953296719979424520e-09
2.161813160145695684e-06 -1.223008663162258649e-06 3.157326578588987633e-06 1.157002645376816434e-06 5.606089119871042535e-07 2.071548656727726384e-07 1.217391687906242353e-07 -1.891009346605202818e-07 -7.899081180859887858e-08 -2.256028792631604210e-08 7.161749792855587308e-08 -6.687719278266617631e-09 5.504672646253299678e-08 -3.390209130356448579e-08 -2.129510029609264725e-08 -1.499415332342155885e-08 3.232632546192940665e-08 1.104359645446847341e-08 -1.303261855179402899e-08 -3.493572257729222645e-09 8.092788008654537955e-09 1.106567694265899876e-08
1.920496881120500270e-06 -8.852981720303349557e-07 1.157002645376816434e-06 1.746100103713670946e-06 4.885538250401526131e-07 2.350858854019692504e-07 8.064764722673891304e-08 -1.292064706038927849e-07 -5.864860058949250965e-08 -1.915618703216269763e-08 5.028937785505035127e-08 1.483098896437535304e-08 2.812872772418089558e-08 -3.587305592018365954e-08 -1.567790871589528679e-08 -1.237577268883244113e-08 2.719143104958858123e-08 8.938642770147139501e-09 -1.205354839498078211e-08 -4.862623410154572757e-09 4.423277873950102451e-09 1.043162189716211433e-08
2.333336282885849364e-06 -1.323321941023869779e-06 5.606089119871042535e-07 4.885538250401526131e-07 1.126571796236109493e-06 7.737747554128450132e-08 3.836086484892173628e-08 -1.624087895002393524e-07 -1.031578391167694885e-07 -1.533145209208702842e-08 2.983846434858275889e-08 3.292633390786819201e-09 2.258985961459763085e-08 -3.463852152489491508e-08 -1.918038039032866634e-08 -1.288140144861986512e-08 2.255783681809615762e-08 9.955705104438477700e-09 -7.409456665708899683e-09 -9.066746854477211404e-10 6.045616046421278392e-09 8.351377085183055384e-09
3.297746574800344556e-07 -2.185226853318699435e-07 2.071548656727726384e-07 2.350858854019692504e-07 7.737747554128450132e-08 3.966731271331256060e-07 6.214464953635285818e-08 -3.134431596461196346e-08 4.286383676545383417e-08 -4.837662464797651502e-09 9.368780821124810451e-09 4.470979152194997312e-09 -4.055379303661822687e-10 -7.935355704580048242e-09 -1.318844283064026716e-09 1.130364642947496816e-09 3.494662757705917863e-09 -7.558220509730780194e-10 -4.162683352301294813e-09 -1.371009974124697945e-09 -2.623695163875947799e-09 -1.686196712090575804e-09
1.616065464460419053e-07 -7.671725746317220425e-08 1.217391687906242353e-07 8.064764722673891304e-08 3.836086484892173628e-08 6.214464953635285818e-08 1.667111232461098293e-07 -5.111563657787541923e-09 2.290002919824367979e-08 6.961347970860252338e-10 1.127083925426989278e-08 -4.133213591714912610e-09 -9.190781957995986038e-10 -3.928267026290519220e-09 7.418960069932965999e-10 2.217987784702969540e-10 1.884856050329070827e-10 2.055005309443958957e-11 -1.671368722221555946e-09 -6.310364075607839166e-10 -1.165028584126562478e-09 -1.844776805166455827e-10
-7.465767981954566483e-07 2.629670785819712645e-07 -1.891009346605202818e-07 -1.292064706038927849e-07 -1.624087895002393524e-07 -3.134431596461196346e-08 -5.111563657787541923e-09 1.090140654205414790e-07 2.820174318916621786e-08 4.074973634015063019e-09 -8.073739950947575781e-09 -1.238635026579633978e-09 -7.421264419823841461e-09 6.336685751427113880e-09 2.495583156359294188e-09 2.767101179470134954e-09 -4.949909534324726163e-09 -2.721787683334006023e-09 1.894369425065697338e-09 -8.158329519133982869e-10 -2.362453720014745603e-09 -1.953534119192827775e-09
-3.810714013237173149e-07 1.138241918802865926e-07 -7.899081180859887858e-08 -5.864860058949250965e-08 -1.031578391167694885e-07 4.286383676545383417e-08 2.290002919824367979e-08 2.820174318916621786e-08 6.903026001463512151e-08 2.750102921637696457e-09 -5.953161483181780958e-09 -1.206658733541428391e-09 -5.326229822647508333e-09 5.151489162865555002e-09 4.169561638914419422e-09 3.537724162455361968e-09 -2.656834911259420915e-09 -2.145671015530770126e-09 3.706086550869631321e-10 -6.115550633624834231e-10 -2.157949861256432937e-09 -1.873951149604839775e-09
-1.014547191392766653e-07 -1.553923093868642350e-08 -2.256028792631604210e-08 -1.915618703216269763e-08 -1.533145209208702842e-08 -4.837662464797651502e-09 6.961347970860252338e-10 4.074973634015063019e-09 2.750102921637696457e-09 2.317054316110442520e-08 -5.086220121852421306e-10 -7.892109249285134926e-10 -6.196418362465735373e-10 -3.977701787890197201e-10 -4.043896924243992713e-10 5.488297188877783764e-10 -2.971669745212015322e-10 -1.523716101208477513e-10 3.260130242265431933e-10 -1.025127988330340944e-10 1.698927433824204487e-11 -2.649945385055359323e-10
1.312680765625440865e-07 -5.595479243998484584e-08 7.161749792855587308e-08 5.028937785505035127e-08 2.983846434858275889e-08 9.368780821124810451e-09 1.127083925426989278e-08 -8.073739950947575781e-09 -5.953161483181780958e-09 -5.086220121852421306e-10 1.588574688739748100e-08 -8.555109782689169438e-10 1.408918112187105645e-09 -2.535648248150644891e-09 -6.957504269680970097e-10 -9.863872046969431517e-10 1.346124384020601913e-09 6.964159013815624317e-10 -6.262201142423733139e-10 -6.309141363036436616e-11 1.350529896467811562e-10 8.308540226885567101e-10
-1.235204361056075322e-08 -1.171707591405302371e-08 -6.687719278266617631e-09 1.483098896437535304e-08 3.292633390786819201e-09 4.470979152194997312e-09 -4.133213591714912610e-09 -1.238635026579633978e-09 -1.206658733541428391e-09 -7.892109249285134926e-10 -8.555109782689169438e-10 5.147110421382799311e-09 -2.595205277959115308e-10 4.245989338838111395e-10 -1.182003519288634230e-11 -1.222532018826941227e-10 -1.276375195654321102e-10 -2.507755005783894665e-11 2.142513376986588462e-10 1.532095419709166534e-11 1.237406501598742160e-10 5.693598140933241919e-11
1.266723912822654445e-07 -5.492050755601140302e-08 5.504672646253299678e-08 2.812872772418089558e-08 2.258985961459763085e-08 -4.055379303661822687e-10 -9.190781957995986038e-10 -7.421264419823841461e-09 -5.326229822647508333e-09 -6.196418362465735373e-10 1.408918112187105645e-09 -2.595205277959115308e-10 4.282034985656183898e-09 -1.015151081403455019e-09 -7.333719860161789476e-10 -6.542388710658343567e-10 1.299043256236496481e-09 6.156409243382834698e-10 -3.316871118897093794e-10 1.347311855544671960e-11 4.044170710909485149e-10 3.256371544693259666e-10
-1.162993534019559495e-07 4.036344648343998367e-08 -3.390209130356448579e-08 -3.587305592018365954e-08 -3.463852152489491508e-08 -7.935355704580048242e-09 -3.928267026290519220e-09 6.336685751427113880e-09 5.151489162865555002e-09 -3.977701787890197201e-10 -2.535648248150644891e-09 4.245989338838111395e-10 -1.015151081403455019e-09 3.094099195218390704e-09 1.078084828773678761e-09 7.110899519385599661e-10 -1.116461743744713827e-09 -4.443847224789538015e-10 6.657263797934718603e-10 1.439362866717942281e-10 -1.693713279832515797e-10 -2.552228284493760292e-10
-4.913944238223050234e-08 2.336117886159003931e-08 -2.129510029609264725e-08 -1.567790871589528679e-08 -1.918038039032866634e-08 -1.318844283064026716e-09 7.418960069932965999e-10 2.495583156359294188e-09 4.169561638914419422e-09 -4.043896924243992713e-10 -6.957504269680970097e-10 -1.182003519288634230e-11 -7.333719860161789476e-10 1.078084828773678761e-09 1.472905622183288595e-09 5.248858225230688121e-10 -6.714737618310317607e-10 -2.787594613846666900e-10 2.100558970159070446e-10 2.126862386263213632e-10 -1.124114585917420472e-10 -1.433584574301744157e-10
-5.149940543929378924e-08 5.750731289803389312e-09 -1.499415332342155885e-08 -1.237577268883244113e-08 -1.288140144861986512e-08 1.130364642947496816e-09 2.217987784702969540e-10 2.767101179470134954e-09 3.537724162455361968e-09 5.488297188877783764e-10 -9.863872046969431517e-10 -1.222532018826941227e-10 -6.542388710658343567e-10 7.110899519385599661e-10 5.248858225230688121e-10 9.817595279075121247e-10 -3.948938663825903832e-10 -2.178704766695226080e-10 1.567097395460485267e-10 3.215015190690849673e-11 -1.256805424956519370e-10 -1.270909419983505356e-10
9.973187786883709712e-08 -4.198748488200734740e-08 3.232632546192940665e-08 2.719143104958858123e-08 2.255783681809615762e-08 3.494662757705917863e-09 1.884856050329070827e-10 -4.949909534324726163e-09 -2.656834911259420915e-09 -2.971669745212015322e-10 1.346124384020601913e-09 -1.276375195654321102e-10 1.299043256236496481e-09 -1.116461743744713827e-09 -6.714737618310317607e-10 -3.948938663825903832e-10 1.258638819572451874e-09 4.274867829678390622e-10 -3.613169587684368443e-10 -1.474648703449117044e-10 1.991078543889717956e-10 2.862834304357890374e-10
4.056258899678162089e-08 -1.474681261138852618e-08 1.104359645446847341e-08 8.938642770147139501e-09 9.955705104438477700e-09 -7.558220509730780194e-10 2.055005309443958957e-11 -2.721787683334006023e-09 -2.145671015530770126e-09 -1.523716101208477513e-10 6.964159013815624317e-10 -2.507755005783894665e-11 6.156409243382834698e-10 -4.443847224789538015e-10 -2.787594613846666900e-10 -2.178704766695226080e-10 4.274867829678390622e-10 3.702659119013497909e-10 -7.810211444340977900e-11 1.910589124086562524e-12 1.305694202137273879e-10 1.363990194164159532e-10
-4.812014860001597565e-08 1.355341346398998421e-08 -1.303261855179402899e-08 -1.205354839498078211e-08 -7.409456665708899683e-09 -4.162683352301294813e-09 -1.671368722221555946e-09 1.894369425065697338e-09 3.706086550869631321e-10 3.260130242265431933e-10 -6.262201142423733139e-10 2.142513376986588462e-10 -3.316871118897093794e-10 6.657263797934718603e-10 2.100558970159070446e-10 1.567097395460485267e-10 -3.613169587684368443e-10 -7.810211444340977900e-11 3.850848706294399431e-10 1.691067112181170257e-10 4.518480968109982796e-11 7.652070074386236197e-12
-3.199041230642594480e-09 6.514980524611871075e-09 -3.493572257729222645e-09 -4.862623410154572757e-09 -9.066746854477211404e-10 -1.371009974124697945e-09 -6.310364075607839166e-10 -8.158329519133982869e-10 -6.115550633624834231e-10 -1.025127988330340944e-10 -6.309141363036436616e-11 1.532095419709166534e-11 1.347311855544671960e-11 1.439362866717942281e-10 2.126862386263213632e-10 3.215015190690849673e-11 -1.474648703449117044e-10 1.910589124086562524e-12 1.691067112181170257e-10 3.107204063833857829e-10 1.435430563130242297e-10 9.154289235511581366e-11
2.486278374103608068e-08 -1.085053034268756195e-08 8.092788008654537955e-09 4.423277873950102451e-09 6.045616046421278392e-09 -2.623695163875947799e-09 -1.165028584126562478e-09 -2.362453720014745603e-09 -2.157949861256432937e-09 1.698927433824204487e-11 1.350529896467811562e-10 1.237406501598742160e-10 4.044170710909485149e-10 -1.693713279832515797e-10 -1.124114585917420472e-10 -1.256805424956519370e-10 1.991078543889717956e-10 1.305694202137273879e-10 4.518480968109982796e-11 1.435430563130242297e-10 2.800274784985461684e-10 2.196820715557579910e-10
2.262283664444827659e-08 -9.953296719979424520e-09 1.106567694265899876e-08 1.043162189716211433e-08 8.351377085183055384e-09 -1.686196712090575804e-09 -1.844776805166455827e-10 -1.953534119192827775e-09 -1.873951149604839775e-09 -2.649945385055359323e-10 8.308540226885567101e-10 5.693598140933241919e-11 3.256371544693259666e-10 -2.552228284493760292e-10 -1.433584574301744157e-10 -1.270909419983505356e-10 2.862834304357890374e-10 1.363990194164159532e-10 7.652070074386236197e-12 9.154289235511581366e-11 2.196820715557579910e-10 4.065141843539154406e-10
