# Jackknife Covariance with Weights
2.260954711112192321e-05 7.312789766564593870e-07 -1.271886665452861362e-06 -1.409796190753783495e-06 1.061472910029131908e-06 -8.082477255604001286e-07 1.084603873548005493e-07 3.223438539030601141e-07 -3.917622057857937492e-07 -1.074531854017561563e-07 1.642775602599650018e-07 8.386733438058349673e-08 -1.902107872573574184e-08 1.005766914896926948e-08 -5.024991411543033374e-09 2.606443817273485486e-08 2.823364532767007838e-09 9.783545762091714696e-09 -1.381744769494076917e-08 -1.529167746136585813e-08 -3.960995738965257105e-08 -1.288099294696613137e-08 -1.514664384547617540e-08 -8.528703124717420099e-09 8.357029183677626501e-09
7.312789766564593870e-07 1.213442804807040233e-05 6.499102167434501520e-07 -1.158814631949990916e-06 9.635308922960913310e-08 -1.608033456436366145e-07 -2.476824913515058237e-08 2.519271131795337447e-08 3.687569523171274769e-07 1.778977203748183650e-07 -8.487782982606954604e-08 -1.568033683924686822e-08 -8.740370364956226463e-08 -3.735435309204059342e-08 -1.460187893188371817e-09 2.511427905475190401e-08 3.201940759390410367e-08 2.948147312502665187e-08 2.007852980987688691e-08 -7.913093264586727523e-10 1.008036118725529008e-08 1.057286832494865482e-08 1.022162304893510944e-08 -5.871558796153013308e-09 5.147672161276581610e-09
-1.271886665452861362e-06 6.499102167434501520e-07 5.906976775762109079e-06 -4.816603257735089794e-08 -9.879167136817242594e-08 3.188033188345304115e-07 -8.840882337520306517e-08 -2.263629306139753896e-07 -5.715512127734014007e-08 7.371179742088777309e-09 -6.201880753476916478e-08 -4.476877491554628202e-08 -6.266970117565665234e-08 -8.565649528837722589e-09 -1.007634197046066418e-08 -1.686038081402811867e-08 -2.941807367687352176e-09 -9.689906388045820067e-09 -2.036094256870751362e-08 -1.897655103085395358e-08 -3.594627294196887934e-09 -7.741249319330032705e-10 1.581281741278364829e-08 4.425320988378329616e-09 4.189889532944079387e-09
-1.409796190753783495e-06 -1.158814631949990916e-06 -4.816603257735089794e-08 3.798366486229997930e-06 -5.884041750658795281e-07 2.158791633431359646e-07 1.674040760925972637e-07 6.236906093381299482e-08 7.060414717714885969e-08 -3.340141092638396068e-08 5.940550163812076674e-08 5.043333133663390407e-08 1.953141540613628856e-08 2.405735124116292702e-08 1.200845603514551341e-08 1.663357989664487802e-08 2.035288457939563895e-09 -1.269889067171196822e-09 2.067985266673957869e-09 -5.857345260840230857e-10 7.522667260899579836e-09 9.733855296045181539e-09 1.649335146754940801e-09 -1.740746510444400277e-09 -2.100025453508497769e-09
1.061472910029131908e-06 9.635308922960913310e-08 -9.879167136817242594e-08 -5.884041750658795281e-07 1.576411048877731865e-06 7.393270479637953093e-09 3.339149178696316268e-08 -7.428098541814868066e-08 5.682874116879295943e-08 3.502278921781867574e-08 -3.592988541148061640e-08 1.134733532140721089e-08 -8.374517923163248921e-11 -7.757122128815373103e-09 -1.707604000351457762e-08 -1.514119031776856665e-08 -8.158373197353585361e-09 -6.767520480582718428e-09 -9.779247870491659135e-09 -1.920316810918676610e-09 -8.570788392919385076e-09 -3.300887592545901845e-09 -6.924828367567288639e-09 1.359969534753722385e-09 -5.037232735301079132e-10
-8.082477255604001286e-07 -1.608033456436366145e-07 3.188033188345304115e-07 2.158791633431359646e-07 7.393270479637953093e-09 5.871276960740801754e-07 7.438774010311113613e-09 -2.842651545553638165e-08 6.671109172079093858e-08 3.309584750367910420e-08 1.511926951429869193e-09 -1.290092753304611121e-08 -7.637496842078216562e-09 -9.009845828899491718e-09 -7.533517442045959308e-09 -4.240239316672736401e-09 -7.472375442779451506e-09 -5.529863915991339503e-09 -1.271410949931604933e-09 -3.303256599648562988e-09 1.612281424666650275e-10 -1.154716729504320529e-09 -9.366345882157590896e-10 -1.056463461970396121e-09 -1.104198418754296567e-09
1.084603873548005493e-07 -2.476824913515058237e-08 -8.840882337520306517e-08 1.674040760925972637e-07 3.339149178696316268e-08 7.438774010311113613e-09 4.286179929980333034e-07 -9.625664634146022561e-09 -1.821857457025157176e-10 3.419800197119875580e-09 -7.526117898133002293e-09 -2.042282837437299687e-09 9.335082864236448013e-09 -6.010655395131988520e-09 -3.454144688345283741e-09 3.396987097841651460e-09 -1.465450330969131591e-09 -3.098801508224446885e-09 -4.572102871179384734e-09 -5.065413173332673923e-10 -2.771905139128242683e-09 -4.247035858612940134e-09 -3.782389286200705417e-09 -1.433946809917474312e-09 1.610056636761159055e-09
3.223438539030601141e-07 2.519271131795337447e-08 -2.263629306139753896e-07 6.236906093381299482e-08 -7.428098541814868066e-08 -2.842651545553638165e-08 -9.625664634146022561e-09 2.908400356449404121e-07 -3.730535252354235803e-08 -5.910206765678948985e-09 3.351591571639729566e-08 6.110885022815288869e-09 8.382866194913914622e-09 7.022213084640280949e-09 2.941340966668527268e-09 -1.093148438796853157e-09 -1.237639979538532886e-09 3.006062119361191359e-09 -1.909482321071676179e-10 1.781839528848760315e-09 8.316263635430027155e-10 5.728724793404376950e-11 -5.940877349157305662e-10 -1.172710496322840687e-09 -3.658428711426232017e-11
-3.917622057857937492e-07 3.687569523171274769e-07 -5.715512127734014007e-08 7.060414717714885969e-08 5.682874116879295943e-08 6.671109172079093858e-08 -1.821857457025157176e-10 -3.730535252354235803e-08 1.118958226412804001e-07 3.508528236033333809e-08 -1.221432790911223455e-08 3.763276738324979330e-09 -2.148062830640780545e-09 -2.973484116515261067e-09 1.539572390602387236e-09 2.577128060340834202e-09 1.927711218196409407e-09 1.100098700318692791e-09 2.804255897725731352e-09 -3.289947362732956275e-10 1.454400042745634794e-09 1.598015071567139361e-09 -4.528727143803422068e-10 -4.318124679994902848e-10 -1.387338284368953268e-10
-1.074531854017561563e-07 1.778977203748183650e-07 7.371179742088777309e-09 -3.340141092638396068e-08 3.502278921781867574e-08 3.309584750367910420e-08 3.419800197119875580e-09 -5.910206765678948985e-09 3.508528236033333809e-08 6.826754324543729530e-08 -1.069064816027268233e-08 -7.491375526400375475e-09 -6.684086525659893624e-09 -2.628501118123747365e-09 -3.967272623910783149e-09 -1.195995382574354089e-09 3.015266355111488610e-10 2.158914401265022303e-09 3.175017374911461434e-10 -1.414818129219441380e-09 3.540734323037392884e-10 5.475349432859271655e-10 1.448934979875555159e-09 2.162262380226908557e-10 4.315994043803160157e-10
1.642775602599650018e-07 -8.487782982606954604e-08 -6.201880753476916478e-08 5.940550163812076674e-08 -3.592988541148061640e-08 1.511926951429869193e-09 -7.526117898133002293e-09 3.351591571639729566e-08 -1.221432790911223455e-08 -1.069064816027268233e-08 2.778100891078429802e-08 6.844826299781992712e-09 2.757907162582185944e-09 2.831780565728487058e-09 8.483237389867223982e-10 1.410855740116380458e-09 1.318546308103891429e-10 5.605390344525436973e-10 -1.355190158810771626e-10 1.880534347722792566e-10 -5.463095075566674313e-10 -5.208559036198780538e-11 -5.479412140155081499e-10 -4.766368029159688583e-10 -5.413554897179163663e-10
8.386733438058349673e-08 -1.568033683924686822e-08 -4.476877491554628202e-08 5.043333133663390407e-08 1.134733532140721089e-08 -1.290092753304611121e-08 -2.042282837437299687e-09 6.110885022815288869e-09 3.763276738324979330e-09 -7.491375526400375475e-09 6.844826299781992712e-09 2.369724672772256244e-08 2.753498446723618633e-09 3.224441451694055276e-09 1.838859938326771962e-09 1.120843665237012804e-09 8.149397988744306477e-10 1.232258359508507247e-09 2.280462529289035060e-09 9.502156303042027274e-10 6.207567476582562693e-10 3.508472022260778795e-10 -1.853414894899793792e-10 -7.232899078032318424e-10 -6.633969660917563257e-10
-1.902107872573574184e-08 -8.740370364956226463e-08 -6.266970117565665234e-08 1.953141540613628856e-08 -8.374517923163248921e-11 -7.637496842078216562e-09 9.335082864236448013e-09 8.382866194913914622e-09 -2.148062830640780545e-09 -6.684086525659893624e-09 2.757907162582185944e-09 2.753498446723618633e-09 9.671055750224559465e-09 2.230654238801764169e-09 1.889318667753192908e-09 1.182519014558736183e-09 -2.831601987152689749e-10 -1.291753162619866831e-10 3.607988943981039653e-10 4.897575321697722234e-10 -4.090276002522766379e-10 -3.872232610540477456e-10 -5.850226052080316178e-10 -1.955482092523210862e-10 7.233972923845190872e-11
1.005766914896926948e-08 -3.735435309204059342e-08 -8.565649528837722589e-09 2.405735124116292702e-08 -7.757122128815373103e-09 -9.009845828899491718e-09 -6.010655395131988520e-09 7.022213084640280949e-09 -2.973484116515261067e-09 -2.628501118123747365e-09 2.831780565728487058e-09 3.224441451694055276e-09 2.230654238801764169e-09 5.598776982607383062e-09 2.096317849196813200e-09 7.393097170597971601e-10 3.656364358255642311e-10 9.061761484742347861e-12 3.193759324354326216e-10 3.436808118759374608e-10 2.358330780669518254e-10 1.548913924665918426e-11 -1.058239120806071730e-10 -1.100042229515255970e-10 1.136671315297780968e-10
-5.024991411543033374e-09 -1.460187893188371817e-09 -1.007634197046066418e-08 1.200845603514551341e-08 -1.707604000351457762e-08 -7.533517442045959308e-09 -3.454144688345283741e-09 2.941340966668527268e-09 1.539572390602387236e-09 -3.967272623910783149e-09 8.483237389867223982e-10 1.838859938326771962e-09 1.889318667753192908e-09 2.096317849196813200e-09 3.932197397696637959e-09 1.855985310135725359e-09 1.279375884183593779e-09 3.492329372682461694e-10 8.416463013569898398e-10 2.754181039943685623e-10 2.733070406628767014e-10 2.570890514138979035e-10 1.946359532963178309e-10 3.254304773288228711e-10 3.000572215352677091e-10
2.606443817273485486e-08 2.511427905475190401e-08 -1.686038081402811867e-08 1.663357989664487802e-08 -1.514119031776856665e-08 -4.240239316672736401e-09 3.396987097841651460e-09 -1.093148438796853157e-09 2.577128060340834202e-09 -1.195995382574354089e-09 1.410855740116380458e-09 1.120843665237012804e-09 1.182519014558736183e-09 7.393097170597971601e-10 1.855985310135725359e-09 2.712977874793019577e-09 1.197698543130335181e-09 3.693549361777993989e-10 3.523167409228489972e-10 6.338440062146710025e-11 -1.122148670884782412e-10 -1.841666336845254873e-11 3.293265534053069412e-11 4.203828565666795634e-11 2.032017085530845816e-10
2.823364532767007838e-09 3.201940759390410367e-08 -2.941807367687352176e-09 2.035288457939563895e-09 -8.158373197353585361e-09 -7.472375442779451506e-09 -1.465450330969131591e-09 -1.237639979538532886e-09 1.927711218196409407e-09 3.015266355111488610e-10 1.318546308103891429e-10 8.149397988744306477e-10 -2.831601987152689749e-10 3.656364358255642311e-10 1.279375884183593779e-09 1.197698543130335181e-09 1.639977618620802580e-09 6.839689095084418936e-10 5.394390317307063471e-10 1.539258435337133614e-10 1.115824647063945926e-10 -3.234517637327416686e-11 -9.534526714175342498e-11 2.686223993624292702e-11 5.353026246169258848e-11
9.783545762091714696e-09 2.948147312502665187e-08 -9.689906388045820067e-09 -1.269889067171196822e-09 -6.767520480582718428e-09 -5.529863915991339503e-09 -3.098801508224446885e-09 3.006062119361191359e-09 1.100098700318692791e-09 2.158914401265022303e-09 5.605390344525436973e-10 1.232258359508507247e-09 -1.291753162619866831e-10 9.061761484742347861e-12 3.492329372682461694e-10 3.693549361777993989e-10 6.839689095084418936e-10 1.189004348494425065e-09 6.589697168877578061e-10 2.239805021321550056e-10 3.287244603181724306e-10 2.165195380021026129e-10 1.737932464481353087e-10 -9.171297893290498286e-11 -9.103686758662035787e-11
-1.381744769494076917e-08 2.007852980987688691e-08 -2.036094256870751362e-08 2.067985266673957869e-09 -9.779247870491659135e-09 -1.271410949931604933e-09 -4.572102871179384734e-09 -1.909482321071676179e-10 2.804255897725731352e-09 3.175017374911461434e-10 -1.355190158810771626e-10 2.280462529289035060e-09 3.607988943981039653e-10 3.193759324354326216e-10 8.416463013569898398e-10 3.523167409228489972e-10 5.394390317307063471e-10 6.589697168877578061e-10 1.378273456937452440e-09 4.049564318180557549e-10 3.873982575686031743e-10 6.503568108098630410e-11 1.473521219462444117e-10 -2.608093710379612578e-11 -2.901446396018384239e-11
-1.529167746136585813e-08 -7.913093264586727523e-10 -1.897655103085395358e-08 -5.857345260840230857e-10 -1.920316810918676610e-09 -3.303256599648562988e-09 -5.065413173332673923e-10 1.781839528848760315e-09 -3.289947362732956275e-10 -1.414818129219441380e-09 1.880534347722792566e-10 9.502156303042027274e-10 4.897575321697722234e-10 3.436808118759374608e-10 2.754181039943685623e-10 6.338440062146710025e-11 1.539258435337133614e-10 2.239805021321550056e-10 4.049564318180557549e-10 7.035509725297677023e-10 5.704674743273476005e-10 2.297212082112634104e-10 8.682080191351702106e-12 -8.260615719687843148e-11 -7.600304970500351413e-12
-3.960995738965257105e-08 1.008036118725529008e-08 -3.594627294196887934e-09 7.522667260899579836e-09 -8.570788392919385076e-09 1.612281424666650275e-10 -2.771905139128242683e-09 8.316263635430027155e-10 1.454400042745634794e-09 3.540734323037392884e-10 -5.463095075566674313e-10 6.207567476582562693e-10 -4.090276002522766379e-10 2.358330780669518254e-10 2.733070406628767014e-10 -1.122148670884782412e-10 1.115824647063945926e-10 3.287244603181724306e-10 3.873982575686031743e-10 5.704674743273476005e-10 1.105453338936540553e-09 6.087002668642500532e-10 2.791719720999654022e-10 -3.923489337753540852e-12 6.910646138742847064e-11
-1.288099294696613137e-08 1.057286832494865482e-08 -7.741249319330032705e-10 9.733855296045181539e-09 -3.300887592545901845e-09 -1.154716729504320529e-09 -4.247035858612940134e-09 5.728724793404376950e-11 1.598015071567139361e-09 5.475349432859271655e-10 -5.208559036198780538e-11 3.508472022260778795e-10 -3.872232610540477456e-10 1.548913924665918426e-11 2.570890514138979035e-10 -1.841666336845254873e-11 -3.234517637327416686e-11 2.165195380021026129e-10 6.503568108098630410e-11 2.297212082112634104e-10 6.087002668642500532e-10 1.046721541863330741e-09 5.461861895700322809e-10 2.081871960616432221e-10 -3.818263060477478779e-11
-1.514664384547617540e-08 1.022162304893510944e-08 1.581281741278364829e-08 1.649335146754940801e-09 -6.924828367567288639e-09 -9.366345882157590896e-10 -3.782389286200705417e-09 -5.940877349157305662e-10 -4.528727143803422068e-10 1.448934979875555159e-09 -5.479412140155081499e-10 -1.853414894899793792e-10 -5.850226052080316178e-10 -1.058239120806071730e-10 1.946359532963178309e-10 3.293265534053069412e-11 -9.534526714175342498e-11 1.737932464481353087e-10 1.473521219462444117e-10 8.682080191351702106e-12 2.791719720999654022e-10 5.461861895700322809e-10 8.807114286845114203e-10 3.727526593731015688e-10 -1.001427344113805652e-11
-8.528703124717420099e-09 -5.871558796153013308e-09 4.425320988378329616e-09 -1.740746510444400277e-09 1.359969534753722385e-09 -1.056463461970396121e-09 -1.433946809917474312e-09 -1.172710496322840687e-09 -4.318124679994902848e-10 2.162262380226908557e-10 -4.766368029159688583e-10 -7.232899078032318424e-10 -1.955482092523210862e-10 -1.100042229515255970e-10 3.254304773288228711e-10 4.203828565666795634e-11 2.686223993624292702e-11 -9.171297893290498286e-11 -2.608093710379612578e-11 -8.260615719687843148e-11 -3.923489337753540852e-12 2.081871960616432221e-10 3.727526593731015688e-10 6.879457906271258952e-10 2.002893107329970167e-10
8.357029183677626501e-09 5.147672161276581610e-09 4.189889532944079387e-09 -2.100025453508497769e-09 -5.037232735301079132e-10 -1.104198418754296567e-09 1.610056636761159055e-09 -3.658428711426232017e-11 -1.387338284368953268e-10 4.315994043803160157e-10 -5.413554897179163663e-10 -6.633969660917563257e-10 7.233972923845190872e-11 1.136671315297780968e-10 3.000572215352677091e-10 2.032017085530845816e-10 5.353026246169258848e-11 -9.103686758662035787e-11 -2.901446396018384239e-11 -7.600304970500351413e-12 6.910646138742847064e-11 -3.818263060477478779e-11 -1.001427344113805652e-11 2.002893107329970167e-10 5.699759723962805765e-10
