# Jackknife Covariance of Randoms
3.227990782771277622e-08 1.163106464219095592e-09 4.464883505286114942e-09 9.224811557889467522e-10 -1.365859178595633364e-11 6.430034956253890853e-10 -9.393161346619013680e-10 -5.591239280939703766e-10 3.279182663519502652e-10 -3.085843752038170260e-10 -2.527130403817064059e-11 8.735332943377792374e-11 4.862979249592880197e-11 6.559060723923628297e-11 -1.025789917599449315e-10 -1.063603195978052235e-11 5.844118135323638854e-11 4.861030959993110335e-11 1.607100141202436542e-10 2.806219441838610993e-10 9.451428334202213799e-11 3.040299962308364405e-10
1.163106464219095592e-09 1.384224971454861903e-08 5.319685407489112157e-10 -3.708395932747517111e-10 -3.528682839293908904e-10 3.877857670696932286e-10 2.874839156558911438e-10 1.358885853565047234e-10 7.792876785995814035e-12 1.220314094198568941e-10 -1.185951325065711349e-12 -2.558199100523208812e-11 -1.287138595851714619e-11 2.240965695089667096e-11 -4.813168199930989336e-11 -4.253602169253585507e-11 -2.098711183816543497e-11 -1.325322481125122011e-11 -3.625919948473860751e-11 -1.092046516119568490e-10 -1.841067778564841242e-10 -3.337217915084683026e-10
4.464883505286114942e-09 5.319685407489112157e-10 1.042779769041224134e-08 -2.341887985859723536e-10 -5.540956074338072550e-11 -1.475156551429565498e-11 5.276176309163585131e-10 -6.959228018794322877e-11 3.674796694862650540e-11 -1.542357886648003024e-10 -9.156422333368255874e-11 3.047745793765655048e-12 -6.069015948791387432e-11 1.150282354634266988e-11 4.340219379067008108e-11 -1.128523876994764361e-12 6.507772853958435376e-11 6.766073958999455509e-11 6.094569938448287927e-11 4.989654731391254856e-11 -8.199873157058652293e-11 -2.608763283348365483e-11
9.224811557889467522e-10 -3.708395932747517111e-10 -2.341887985859723536e-10 4.258946407842238569e-09 -4.301514646962720177e-10 1.086189576148978828e-11 -1.897188423134012944e-10 3.128106471935353660e-11 -7.668156790360200077e-11 6.026475049263918261e-12 6.777660576225636048e-12 1.927007187850688913e-11 2.438577637032337431e-11 3.695970531726015943e-11 3.058317980949607184e-11 4.085067234795848775e-11 1.264103493574991799e-11 2.129878443038765551e-11 3.460153105486544939e-11 4.572692402020083773e-11 -2.070819472120062004e-12 9.014042790629674424e-12
-1.365859178595633364e-11 -3.528682839293908904e-10 -5.540956074338072550e-11 -4.301514646962720177e-10 1.991967446423561901e-09 3.102316798594230443e-11 -5.938494363063801062e-11 -3.252778065009806587e-11 -2.979514441653611423e-11 -1.097922605938109410e-12 1.845326140296806669e-11 -6.257155850873334862e-11 -1.815113865542428187e-11 -3.144061470827161180e-11 -1.332303775822257076e-11 -5.236922815644389645e-12 -1.298652333176442312e-12 9.017689013124128729e-12 -1.427037774232579020e-12 5.461405555968021308e-11 6.578675794623380538e-11 4.919671331688649294e-11
6.430034956253890853e-10 3.877857670696932286e-10 -1.475156551429565498e-11 1.086189576148978828e-11 3.102316798594230443e-11 1.421706228563779954e-09 -7.049203621072431871e-11 -5.374301146032654059e-11 3.497273612478754874e-11 -6.630819114380563321e-12 1.480218272194328551e-11 -2.386601568965520622e-11 8.483526307870613215e-12 2.205481638774824007e-12 -2.408226752947484226e-11 1.162825929487048457e-11 1.902463388180144705e-11 2.035758636721143358e-11 1.366994322939146477e-11 2.087667876423488436e-13 -4.438916114663505846e-11 -9.412334286433210885e-11
-9.393161346619013680e-10 2.874839156558911438e-10 5.276176309163585131e-10 -1.897188423134012944e-10 -5.938494363063801062e-11 -7.049203621072431871e-11 4.724366250926892414e-10 -1.623401655988485876e-11 -2.354326596258328170e-11 1.652957976859358693e-11 -6.907243014553794628e-12 5.269558089484796173e-12 -8.374052587968759100e-12 -1.014366924627381640e-11 5.257710171956091991e-12 -7.566185197995669028e-13 9.996636092751840660e-12 1.944021456662177983e-11 1.437663984079543821e-11 -9.094550064439879388e-12 -7.554923609615602572e-12 -1.788799857905836589e-11
-5.591239280939703766e-10 1.358885853565047234e-10 -6.959228018794322877e-11 3.128106471935353660e-11 -3.252778065009806587e-11 -5.374301146032654059e-11 -1.623401655988485876e-11 2.930321523770987391e-10 2.944767901810452490e-11 2.860723285172672893e-11 2.464900749080055764e-12 -8.945859199852654772e-12 2.777266352191520978e-13 -5.606460333193585161e-12 -1.763757224553959579e-12 -3.038914401266244021e-12 6.533126132564178796e-12 4.269478079931077479e-12 1.563165800213055040e-12 1.357598021043667288e-12 2.253268465487406879e-12 -3.755493122058027514e-12
3.279182663519502652e-10 7.792876785995814035e-12 3.674796694862650540e-11 -7.668156790360200077e-11 -2.979514441653611423e-11 3.497273612478754874e-11 -2.354326596258328170e-11 2.944767901810452490e-11 1.734187088013255424e-10 -1.169409350737313407e-11 1.273968592077818636e-11 -6.065608887189637840e-12 -1.491368449157022832e-12 5.252982820459407823e-12 -2.941681979898706538e-12 -1.416495121318667303e-12 4.377414059350830458e-12 -1.144561219179765988e-12 -4.710136899376276929e-13 3.465496595425479755e-12 2.009285366215479835e-11 3.072097374016676107e-11
-3.085843752038170260e-10 1.220314094198568941e-10 -1.542357886648003024e-10 6.026475049263918261e-12 -1.097922605938109410e-12 -6.630819114380563321e-12 1.652957976859358693e-11 2.860723285172672893e-11 -1.169409350737313407e-11 6.837089046105222588e-11 1.583160747413736127e-12 -6.416773775239951938e-12 6.327267987684852762e-14 -1.758493215640446528e-13 1.463380617434164384e-12 1.231270356166737957e-12 1.313475185113540233e-13 4.405466753808779334e-12 9.164895260913025264e-12 9.751261397731059526e-12 1.131033444116258821e-11 1.100320111065672822e-11
-2.527130403817064059e-11 -1.185951325065711349e-12 -9.156422333368255874e-11 6.777660576225636048e-12 1.845326140296806669e-11 1.480218272194328551e-11 -6.907243014553794628e-12 2.464900749080055764e-12 1.273968592077818636e-11 1.583160747413736127e-12 4.706310319518085049e-11 -1.892542163158347383e-13 8.853033498637564155e-13 1.889509318552538401e-12 9.550624480035337285e-13 2.298940114053917710e-12 -4.396458722351520756e-13 -1.427946078960023124e-12 -1.299756593469802624e-12 3.136151605431045593e-12 8.354313081118422276e-12 2.790046130812891793e-12
8.735332943377792374e-11 -2.558199100523208812e-11 3.047745793765655048e-12 1.927007187850688913e-11 -6.257155850873334862e-11 -2.386601568965520622e-11 5.269558089484796173e-12 -8.945859199852654772e-12 -6.065608887189637840e-12 -6.416773775239951938e-12 -1.892542163158347383e-13 2.618655451206017731e-11 1.460263933788862594e-12 2.463136875617514316e-12 -2.175952926270215252e-13 8.066411466823710618e-13 -6.497718899784414968e-14 -1.941638577700101474e-12 2.250469786695463538e-12 4.493777048851292078e-13 -2.141947548353833412e-12 -2.238057651706847727e-12
4.862979249592880197e-11 -1.287138595851714619e-11 -6.069015948791387432e-11 2.438577637032337431e-11 -1.815113865542428187e-11 8.483526307870613215e-12 -8.374052587968759100e-12 2.777266352191520978e-13 -1.491368449157022832e-12 6.327267987684852762e-14 8.853033498637564155e-13 1.460263933788862594e-12 9.921405911003181030e-12 1.925896716945865393e-12 -1.199009707517847846e-13 4.669294487639060001e-13 -7.079120794324107051e-13 -4.416867504564092734e-13 1.494628949439762914e-12 4.939672269688249392e-12 6.257533437510531467e-12 1.858007463657478744e-12
6.559060723923628297e-11 2.240965695089667096e-11 1.150282354634266988e-11 3.695970531726015943e-11 -3.144061470827161180e-11 2.205481638774824007e-12 -1.014366924627381640e-11 -5.606460333193585161e-12 5.252982820459407823e-12 -1.758493215640446528e-13 1.889509318552538401e-12 2.463136875617514316e-12 1.925896716945865393e-12 1.112778254971572202e-11 3.235077034135542510e-12 3.960692492601627119e-12 2.774759445553089415e-12 2.896181789126683498e-12 6.610674101801851493e-12 8.171017783363517737e-12 7.407927832188962360e-12 7.187362627494042527e-12
-1.025789917599449315e-10 -4.813168199930989336e-11 4.340219379067008108e-11 3.058317980949607184e-11 -1.332303775822257076e-11 -2.408226752947484226e-11 5.257710171956091991e-12 -1.763757224553959579e-12 -2.941681979898706538e-12 1.463380617434164384e-12 9.550624480035337285e-13 -2.175952926270215252e-13 -1.199009707517847846e-13 3.235077034135542510e-12 9.610564549212119350e-12 6.578292061866723581e-12 5.467694584784828029e-12 6.003894858389208974e-12 8.830887762682210833e-12 1.106375213208538235e-11 1.582861756822810121e-11 1.883817732102711299e-11
-1.063603195978052235e-11 -4.253602169253585507e-11 -1.128523876994764361e-12 4.085067234795848775e-11 -5.236922815644389645e-12 1.162825929487048457e-11 -7.566185197995669028e-13 -3.038914401266244021e-12 -1.416495121318667303e-12 1.231270356166737957e-12 2.298940114053917710e-12 8.066411466823710618e-13 4.669294487639060001e-13 3.960692492601627119e-12 6.578292061866723581e-12 1.393360056018141056e-11 1.378280596707943546e-11 1.339010242496955290e-11 1.595766339746241751e-11 1.636849978511980339e-11 1.565570797803803949e-11 1.817464672110061893e-11
5.844118135323638854e-11 -2.098711183816543497e-11 6.507772853958435376e-11 1.264103493574991799e-11 -1.298652333176442312e-12 1.902463388180144705e-11 9.996636092751840660e-12 6.533126132564178796e-12 4.377414059350830458e-12 1.313475185113540233e-13 -4.396458722351520756e-13 -6.497718899784414968e-14 -7.079120794324107051e-13 2.774759445553089415e-12 5.467694584784828029e-12 1.378280596707943546e-11 2.443103732653126009e-11 2.722828184536555364e-11 2.962327763758241031e-11 3.000947682397761048e-11 2.546851664104044357e-11 2.869973058054277457e-11
4.861030959993110335e-11 -1.325322481125122011e-11 6.766073958999455509e-11 2.129878443038765551e-11 9.017689013124128729e-12 2.035758636721143358e-11 1.944021456662177983e-11 4.269478079931077479e-12 -1.144561219179765988e-12 4.405466753808779334e-12 -1.427946078960023124e-12 -1.941638577700101474e-12 -4.416867504564092734e-13 2.896181789126683498e-12 6.003894858389208974e-12 1.339010242496955290e-11 2.722828184536555364e-11 4.144365797618182499e-11 5.029592132145246830e-11 5.366801561119712273e-11 4.922544252964537459e-11 4.852372032654713687e-11
1.607100141202436542e-10 -3.625919948473860751e-11 6.094569938448287927e-11 3.460153105486544939e-11 -1.427037774232579020e-12 1.366994322939146477e-11 1.437663984079543821e-11 1.563165800213055040e-12 -4.710136899376276929e-13 9.164895260913025264e-12 -1.299756593469802624e-12 2.250469786695463538e-12 1.494628949439762914e-12 6.610674101801851493e-12 8.830887762682210833e-12 1.595766339746241751e-11 2.962327763758241031e-11 5.029592132145246830e-11 8.257097955693493742e-11 9.958147904289199110e-11 1.018776452786538117e-10 1.043590714558656096e-10
2.806219441838610993e-10 -1.092046516119568490e-10 4.989654731391254856e-11 4.572692402020083773e-11 5.461405555968021308e-11 2.087667876423488436e-13 -9.094550064439879388e-12 1.357598021043667288e-12 3.465496595425479755e-12 9.751261397731059526e-12 3.136151605431045593e-12 4.493777048851292078e-13 4.939672269688249392e-12 8.171017783363517737e-12 1.106375213208538235e-11 1.636849978511980339e-11 3.000947682397761048e-11 5.366801561119712273e-11 9.958147904289199110e-11 1.513774965587963057e-10 1.817731741434924617e-10 1.910902298099771484e-10
9.451428334202213799e-11 -1.841067778564841242e-10 -8.199873157058652293e-11 -2.070819472120062004e-12 6.578675794623380538e-11 -4.438916114663505846e-11 -7.554923609615602572e-12 2.253268465487406879e-12 2.009285366215479835e-11 1.131033444116258821e-11 8.354313081118422276e-12 -2.141947548353833412e-12 6.257533437510531467e-12 7.407927832188962360e-12 1.582861756822810121e-11 1.565570797803803949e-11 2.546851664104044357e-11 4.922544252964537459e-11 1.018776452786538117e-10 1.817731741434924617e-10 2.766899897521180722e-10 3.197134302858368130e-10
3.040299962308364405e-10 -3.337217915084683026e-10 -2.608763283348365483e-11 9.014042790629674424e-12 4.919671331688649294e-11 -9.412334286433210885e-11 -1.788799857905836589e-11 -3.755493122058027514e-12 3.072097374016676107e-11 1.100320111065672822e-11 2.790046130812891793e-12 -2.238057651706847727e-12 1.858007463657478744e-12 7.187362627494042527e-12 1.883817732102711299e-11 1.817464672110061893e-11 2.869973058054277457e-11 4.852372032654713687e-11 1.043590714558656096e-10 1.910902298099771484e-10 3.197134302858368130e-10 4.503370837072323107e-10
