# Jackknife Covariance with Weights
1.646611050577016140e-05 1.781129644797954899e-07 4.640798111213391239e-08 1.036973092912387250e-06 -8.918388423773036849e-07 3.472674607499913038e-07 4.045824552336005816e-08 -3.485227194927598850e-08 -9.131475140868025890e-08 -2.836992248940491356e-08 -4.660651594422460719e-08 -4.920856344315987949e-08 -5.519806234653729444e-08 4.243295540386015830e-09 -8.367675029936993018e-09 -2.270244055850871169e-08 9.188456031351573651e-09 -8.909323156470554345e-09 -1.017675475022041003e-08 -6.842816077451318460e-09 -3.509675573992502760e-09 2.519789833828679404e-09 -4.451146768342251019e-10 -6.801664746633620504e-10 -1.735549813422078092e-09
1.781129644797954899e-07 9.464235384122987894e-06 2.484371980147877858e-06 -1.571668124393257348e-07 -3.243982155981933582e-07 1.083148543939401880e-07 -2.206784421712743776e-07 2.535233617434616353e-08 2.998409422830418093e-08 -1.760732947210938905e-07 -1.332521981695287587e-07 3.485216878842346262e-08 -4.213071457416750702e-08 -7.638863620459871705e-09 1.641239070022436989e-08 -1.724629306808425201e-08 -3.424818129875014779e-10 -1.174145618696199297e-08 8.945490059276132333e-09 1.154367538044851065e-08 6.740849639337870862e-09 4.495408902390970059e-09 -2.542326389775880475e-09 -1.873827447556067940e-09 -5.521733360445297994e-10
4.640798111213391239e-08 2.484371980147877858e-06 5.241246412326384783e-06 -2.353404363929120301e-08 3.444157057245708763e-07 3.856931296732037105e-07 -2.392504278629654141e-07 3.127642612896309647e-09 1.671657846816525040e-07 -7.498413300700824243e-08 3.287190642724134117e-09 6.162058456428984661e-09 -4.389916318859979080e-08 6.817585583301330956e-10 -1.092803033384991981e-08 4.678397760177339091e-09 -6.725937494920370783e-10 -5.158179733816215441e-09 4.845614101552319650e-09 9.057109028733225403e-10 1.973364083324361412e-09 1.968856409250796045e-10 -1.764915303932708102e-09 4.532438709855981090e-10 5.887686932660702062e-10
1.036973092912387250e-06 -1.571668124393257348e-07 -2.353404363929120301e-08 1.975395308387706985e-06 5.366926670344066074e-08 8.959446646247117253e-08 1.607333767298603930e-08 8.006600218587812885e-08 6.592565676192478440e-08 -3.483037094055316049e-08 3.348845360598275335e-08 2.019256799158104721e-08 4.346874492102485337e-09 9.853389609577417154e-10 -1.605261105586047080e-09 -9.526423537248427452e-09 -1.542084134382870973e-09 9.227250540814187967e-10 2.515210265485855994e-09 -3.784763227785204661e-09 1.516216610050134494e-10 -4.575782174117614452e-11 1.393870731132597626e-09 2.154708904263161344e-10 -6.304006765716233350e-10
-8.918388423773036849e-07 -3.243982155981933582e-07 3.444157057245708763e-07 5.366926670344066074e-08 1.762992687857856485e-06 -1.013180215546627746e-07 -1.221231057082188732e-08 1.247078210056427084e-08 3.968009995791630033e-08 7.019725659804283501e-09 2.648059774302976655e-08 -1.853704039843246177e-08 -1.544042782838015894e-09 -3.442859004742377755e-09 3.962991755473618227e-09 2.552246486485807984e-09 2.317332964932619288e-09 4.625570480763286960e-09 2.112258819072417879e-09 3.300906247282617361e-09 6.008571463739280044e-10 8.703582055368322020e-10 -3.094947799442604624e-10 6.756532586550713086e-10 1.666179079762972394e-09
3.472674607499913038e-07 1.083148543939401880e-07 3.856931296732037105e-07 8.959446646247117253e-08 -1.013180215546627746e-07 6.708859725492513618e-07 -3.371692146565780012e-08 8.130272117024802792e-08 1.146132204292319866e-08 -9.660187430190337404e-09 2.646269387878642395e-08 -1.901259672042110912e-09 3.192675843833740870e-09 -2.401275284394211580e-09 -7.233486241876636867e-09 3.175790387364581197e-09 -2.850531246289111398e-10 -4.755410281160665898e-11 -1.323859302084634938e-09 -3.114289977751064266e-10 -1.242354259188154188e-09 -2.256764659524372438e-09 -7.437046328919534684e-10 2.659317306924669439e-10 3.019916760931708005e-10
4.045824552336005816e-08 -2.206784421712743776e-07 -2.392504278629654141e-07 1.607333767298603930e-08 -1.221231057082188732e-08 -3.371692146565780012e-08 3.772309530159680134e-07 -1.276072494740852264e-08 3.622137052139746213e-09 2.848723820057257566e-09 7.522591840107745755e-09 2.577628988785940159e-09 1.781050685783895717e-09 8.828864752117666654e-09 -1.773386941241816921e-09 -9.871663530468408049e-11 2.195310734828516782e-09 1.034927454735570622e-09 1.236907597841262173e-09 -2.864840088219257046e-10 -6.726869807188356370e-10 9.247677263002865651e-10 4.812124505075911020e-10 -6.777029344189341486e-10 -9.325510561826866020e-10
-3.485227194927598850e-08 2.535233617434616353e-08 3.127642612896309647e-09 8.006600218587812885e-08 1.247078210056427084e-08 8.130272117024802792e-08 -1.276072494740852264e-08 1.731841256535478591e-07 -4.374423953832051142e-08 2.226796933674319713e-09 1.117558474309149284e-08 -5.254423814612516624e-09 1.013848474132536621e-09 2.298293204922892746e-09 -3.218184637680201065e-09 -3.332491832844296541e-09 9.601684252431364221e-10 4.134800983226326941e-10 1.024064265566582792e-10 -5.423529877807966071e-10 -3.927280481663650025e-10 -9.696807979822897152e-10 -6.791436630643954887e-10 -1.190507667216080499e-10 -5.276117442681423566e-10
-9.131475140868025890e-08 2.998409422830418093e-08 1.671657846816525040e-07 6.592565676192478440e-08 3.968009995791630033e-08 1.146132204292319866e-08 3.622137052139746213e-09 -4.374423953832051142e-08 1.100186881980885218e-07 6.481604899941464919e-09 2.505686446848701150e-09 9.342426577771794667e-09 -1.575608654485433281e-09 -2.781577603936222784e-09 1.932842405769213272e-10 -1.789664178561818302e-09 -1.017844442521045297e-09 4.724727838941236499e-10 7.064956616304410151e-10 1.454301853392832660e-09 8.192185694047812307e-10 3.793435651294386328e-10 5.232146905824195252e-10 2.634923902375791282e-10 -5.538489352621390079e-11
-2.836992248940491356e-08 -1.760732947210938905e-07 -7.498413300700824243e-08 -3.483037094055316049e-08 7.019725659804283501e-09 -9.660187430190337404e-09 2.848723820057257566e-09 2.226796933674319713e-09 6.481604899941464919e-09 5.506747935639241121e-08 4.832702157961000799e-09 -3.889808789485916368e-09 1.469090014312249267e-09 -1.604088999735313248e-09 2.809860381146518125e-10 8.768640046049031405e-10 4.369947685469428013e-10 1.301871609755852172e-09 -1.508689183489041626e-10 9.588339268483362387e-12 4.250272848780663735e-12 -2.469921394607595751e-10 -1.972205022093622669e-10 2.666539584311065037e-10 1.491912918512319288e-10
-4.660651594422460719e-08 -1.332521981695287587e-07 3.287190642724134117e-09 3.348845360598275335e-08 2.648059774302976655e-08 2.646269387878642395e-08 7.522591840107745755e-09 1.117558474309149284e-08 2.505686446848701150e-09 4.832702157961000799e-09 2.843589123948913828e-08 1.545566424333364357e-09 2.161662087335792450e-09 -4.644098213808881042e-10 -2.340959121848907445e-09 -4.980552747950009433e-10 -3.402827213569782724e-10 4.680722209770645837e-10 6.047851909235737677e-11 -2.715700577004791928e-11 1.511321289389505880e-10 -9.968110471076605911e-11 4.475166683055682071e-11 1.322270597656706161e-10 4.159441135674908036e-11
-4.920856344315987949e-08 3.485216878842346262e-08 6.162058456428984661e-09 2.019256799158104721e-08 -1.853704039843246177e-08 -1.901259672042110912e-09 2.577628988785940159e-09 -5.254423814612516624e-09 9.342426577771794667e-09 -3.889808789485916368e-09 1.545566424333364357e-09 1.692174113908109709e-08 2.644725400159001803e-10 1.364119952947578315e-09 2.466588864672180226e-10 -2.293543951660231612e-10 1.031711428434194155e-09 -4.243414783742005781e-10 -7.061407731717220530e-11 2.303151035954059326e-10 1.644136063678682129e-10 3.337779791292441657e-11 1.225423855151083197e-10 3.327728289624698362e-11 -2.079739492240831813e-10
-5.519806234653729444e-08 -4.213071457416750702e-08 -4.389916318859979080e-08 4.346874492102485337e-09 -1.544042782838015894e-09 3.192675843833740870e-09 1.781050685783895717e-09 1.013848474132536621e-09 -1.575608654485433281e-09 1.469090014312249267e-09 2.161662087335792450e-09 2.644725400159001803e-10 6.993559849565606044e-09 9.262335190996932927e-10 5.557757779365061830e-10 6.862706373549812237e-10 2.156619951457359144e-10 2.614056954374734743e-10 4.874146957359185150e-11 9.645867260003612945e-12 2.523456064884243569e-11 -7.056021648847151152e-11 1.446352919958088379e-11 4.443104029463809717e-11 3.078221682630351251e-11
4.243295540386015830e-09 -7.638863620459871705e-09 6.817585583301330956e-10 9.853389609577417154e-10 -3.442859004742377755e-09 -2.401275284394211580e-09 8.828864752117666654e-09 2.298293204922892746e-09 -2.781577603936222784e-09 -1.604088999735313248e-09 -4.644098213808881042e-10 1.364119952947578315e-09 9.262335190996932927e-10 3.184280481328936127e-09 4.664796727975497549e-10 -1.187309011746564300e-10 4.655305662136081205e-11 -1.124652523236692721e-10 -1.544063838236706776e-10 -1.613492145556044373e-10 -9.607356432922837857e-11 -6.396446176164147827e-11 4.496385852822630426e-11 1.847989615065294625e-11 1.102084756229715217e-11
-8.367675029936993018e-09 1.641239070022436989e-08 -1.092803033384991981e-08 -1.605261105586047080e-09 3.962991755473618227e-09 -7.233486241876636867e-09 -1.773386941241816921e-09 -3.218184637680201065e-09 1.932842405769213272e-10 2.809860381146518125e-10 -2.340959121848907445e-09 2.466588864672180226e-10 5.557757779365061830e-10 4.664796727975497549e-10 2.002500891083315121e-09 -2.365296120821973691e-10 9.602646422881677328e-11 -6.794458705143957547e-11 3.741905514439051095e-11 1.032427091964703012e-10 -5.557794374446411385e-11 5.137842832190450704e-11 -4.249289752793419845e-13 1.649276105361986060e-11 2.732957108116831133e-11
-2.270244055850871169e-08 -1.724629306808425201e-08 4.678397760177339091e-09 -9.526423537248427452e-09 2.552246486485807984e-09 3.175790387364581197e-09 -9.871663530468408049e-11 -3.332491832844296541e-09 -1.789664178561818302e-09 8.768640046049031405e-10 -4.980552747950009433e-10 -2.293543951660231612e-10 6.862706373549812237e-10 -1.187309011746564300e-10 -2.365296120821973691e-10 1.605931862649362793e-09 3.417738350769641638e-10 1.249926197230428572e-10 -3.080700945003293102e-11 -1.096460358057282160e-11 2.980051925166832384e-11 -8.199402707003540259e-12 -5.076711131645314512e-11 -1.727310435214690130e-11 9.642617853922594603e-12
9.188456031351573651e-09 -3.424818129875014779e-10 -6.725937494920370783e-10 -1.542084134382870973e-09 2.317332964932619288e-09 -2.850531246289111398e-10 2.195310734828516782e-09 9.601684252431364221e-10 -1.017844442521045297e-09 4.369947685469428013e-10 -3.402827213569782724e-10 1.031711428434194155e-09 2.156619951457359144e-10 4.655305662136081205e-11 9.602646422881677328e-11 3.417738350769641638e-10 8.063137832270768963e-10 1.002709218596186828e-10 3.566041113521144788e-11 2.740849751628784942e-11 -9.756522625745020346e-12 1.846468187209647237e-11 -3.068065053877904301e-11 -2.803457734935356801e-11 -5.010802573374073883e-11
-8.909323156470554345e-09 -1.174145618696199297e-08 -5.158179733816215441e-09 9.227250540814187967e-10 4.625570480763286960e-09 -4.755410281160665898e-11 1.034927454735570622e-09 4.134800983226326941e-10 4.724727838941236499e-10 1.301871609755852172e-09 4.680722209770645837e-10 -4.243414783742005781e-10 2.614056954374734743e-10 -1.124652523236692721e-10 -6.794458705143957547e-11 1.249926197230428572e-10 1.002709218596186828e-10 3.304397849879899291e-10 1.089083122183711484e-11 2.547698254114498329e-11 -9.149133658549618752e-12 -1.380524738554396552e-12 3.052961327599305686e-11 2.500470234250534260e-11 -1.119528683601460439e-11
-1.017675475022041003e-08 8.945490059276132333e-09 4.845614101552319650e-09 2.515210265485855994e-09 2.112258819072417879e-09 -1.323859302084634938e-09 1.236907597841262173e-09 1.024064265566582792e-10 7.064956616304410151e-10 -1.508689183489041626e-10 6.047851909235737677e-11 -7.061407731717220530e-11 4.874146957359185150e-11 -1.544063838236706776e-10 3.741905514439051095e-11 -3.080700945003293102e-11 3.566041113521144788e-11 1.089083122183711484e-11 2.540250643246233555e-10 5.132248539976003717e-11 3.524911438186763911e-11 5.261062770383419241e-11 8.792961497520493584e-12 -2.690559097533952535e-12 -8.957111553140784263e-12
-6.842816077451318460e-09 1.154367538044851065e-08 9.057109028733225403e-10 -3.784763227785204661e-09 3.300906247282617361e-09 -3.114289977751064266e-10 -2.864840088219257046e-10 -5.423529877807966071e-10 1.454301853392832660e-09 9.588339268483362387e-12 -2.715700577004791928e-11 2.303151035954059326e-10 9.645867260003612945e-12 -1.613492145556044373e-10 1.032427091964703012e-10 -1.096460358057282160e-11 2.740849751628784942e-11 2.547698254114498329e-11 5.132248539976003717e-11 2.081346054204360257e-10 7.369217518049757076e-11 3.738599520923643573e-11 2.331178687528279538e-11 3.960049968340801724e-12 2.620684589756258228e-12
-3.509675573992502760e-09 6.740849639337870862e-09 1.973364083324361412e-09 1.516216610050134494e-10 6.008571463739280044e-10 -1.242354259188154188e-09 -6.726869807188356370e-10 -3.927280481663650025e-10 8.192185694047812307e-10 4.250272848780663735e-12 1.511321289389505880e-10 1.644136063678682129e-10 2.523456064884243569e-11 -9.607356432922837857e-11 -5.557794374446411385e-11 2.980051925166832384e-11 -9.756522625745020346e-12 -9.149133658549618752e-12 3.524911438186763911e-11 7.369217518049757076e-11 1.421374326369430599e-10 5.632110902541536297e-11 1.449750457728902180e-11 1.408704397674837466e-12 -5.783603922670682374e-12
2.519789833828679404e-09 4.495408902390970059e-09 1.968856409250796045e-10 -4.575782174117614452e-11 8.703582055368322020e-10 -2.256764659524372438e-09 9.247677263002865651e-10 -9.696807979822897152e-10 3.793435651294386328e-10 -2.469921394607595751e-10 -9.968110471076605911e-11 3.337779791292441657e-11 -7.056021648847151152e-11 -6.396446176164147827e-11 5.137842832190450704e-11 -8.199402707003540259e-12 1.846468187209647237e-11 -1.380524738554396552e-12 5.261062770383419241e-11 3.738599520923643573e-11 5.632110902541536297e-11 9.720305073766186074e-11 3.170340405165506230e-11 -1.338351364801957237e-12 -2.228514394265687411e-12
-4.451146768342251019e-10 -2.542326389775880475e-09 -1.764915303932708102e-09 1.393870731132597626e-09 -3.094947799442604624e-10 -7.437046328919534684e-10 4.812124505075911020e-10 -6.791436630643954887e-10 5.232146905824195252e-10 -1.972205022093622669e-10 4.475166683055682071e-11 1.225423855151083197e-10 1.446352919958088379e-11 4.496385852822630426e-11 -4.249289752793419845e-13 -5.076711131645314512e-11 -3.068065053877904301e-11 3.052961327599305686e-11 8.792961497520493584e-12 2.331178687528279538e-11 1.449750457728902180e-11 3.170340405165506230e-11 8.685724179867125249e-11 3.039184658415601862e-11 3.946656852812870351e-12
-6.801664746633620504e-10 -1.873827447556067940e-09 4.532438709855981090e-10 2.154708904263161344e-10 6.756532586550713086e-10 2.659317306924669439e-10 -6.777029344189341486e-10 -1.190507667216080499e-10 2.634923902375791282e-10 2.666539584311065037e-10 1.322270597656706161e-10 3.327728289624698362e-11 4.443104029463809717e-11 1.847989615065294625e-11 1.649276105361986060e-11 -1.727310435214690130e-11 -2.803457734935356801e-11 2.500470234250534260e-11 -2.690559097533952535e-12 3.960049968340801724e-12 1.408704397674837466e-12 -1.338351364801957237e-12 3.039184658415601862e-11 5.539668611988736111e-11 2.247408416797731161e-11
-1.735549813422078092e-09 -5.521733360445297994e-10 5.887686932660702062e-10 -6.304006765716233350e-10 1.666179079762972394e-09 3.019916760931708005e-10 -9.325510561826866020e-10 -5.276117442681423566e-10 -5.538489352621390079e-11 1.491912918512319288e-10 4.159441135674908036e-11 -2.079739492240831813e-10 3.078221682630351251e-11 1.102084756229715217e-11 2.732957108116831133e-11 9.642617853922594603e-12 -5.010802573374073883e-11 -1.119528683601460439e-11 -8.957111553140784263e-12 2.620684589756258228e-12 -5.783603922670682374e-12 -2.228514394265687411e-12 3.946656852812870351e-12 2.247408416797731161e-11 5.361233671924256471e-11
