# Jackknife Covariance with Weights
5.574994895041576397e-06 3.687088460961113663e-07 5.710169454887908139e-07 2.529103272230605427e-07 1.336225872701655679e-07 -1.380185567952741427e-07 4.627593589902251145e-10 -3.279304540041212700e-08 -3.461519315871469893e-08 -2.643615606460474083e-08 1.898581298251899560e-08 1.891930579648127996e-08 -2.008110928788327613e-08 -5.503282767371964660e-09 -5.846302073956008529e-09 -3.798731436470372739e-09 -2.448242783156193439e-09 -7.589937807483678855e-09 -8.005975667203239526e-09 -8.589767970837358716e-09 -7.566727604123988403e-09 -2.211793882257058033e-09 1.665207793460453183e-09 1.710131554897475685e-09 1.011083070809717396e-09
3.687088460961113663e-07 3.517612768399737869e-06 5.922798796907195729e-07 -8.400703007124773504e-08 -3.876184533305747505e-07 9.032976586254942294e-08 -1.131490262453069533e-07 -5.281485825987327619e-08 4.870072163874755301e-08 -1.223603584476960814e-08 9.259886873284225368e-09 2.466633093420392023e-08 -1.839593661386349849e-08 -7.387087778512993761e-10 1.082788380193677766e-08 2.129706156150068512e-09 9.962935570925278694e-09 5.060602548469642728e-09 4.418405487111009482e-09 -8.031633477343110243e-10 4.038098834139459012e-09 1.810327660202278966e-09 3.251554647869693360e-09 1.486786303179836803e-09 -1.327162061063745655e-09
5.710169454887908139e-07 5.922798796907195729e-07 1.637144755849922174e-06 9.801736400864133124e-08 1.061701902944088578e-07 6.148668325060614709e-08 -4.581626049928674873e-08 -2.350686553960049937e-08 6.309120798675309201e-09 -2.933791533808281524e-08 -1.847534084399856837e-08 1.705949780019504319e-08 -1.621231994536945130e-08 3.175677024301134767e-09 6.493592491204172558e-09 6.039223915351478476e-09 5.815763016313327970e-09 -2.384667954530409759e-10 4.890090564370064688e-10 -4.965167552281732817e-09 -1.670564224107063462e-09 -3.628125161852018834e-09 -3.538757698613905318e-10 -6.928682450654189962e-11 -3.158883537939238742e-10
2.529103272230605427e-07 -8.400703007124773504e-08 9.801736400864133124e-08 9.232985550563908629e-07 -5.402446425007287575e-08 5.625349086773190947e-08 2.023797922566989160e-08 4.992233395650714370e-08 7.317758686491047031e-10 -2.717276806307967850e-08 -3.353455711697528716e-09 1.584274755589853867e-08 -4.999297161454098377e-09 9.041813281550299998e-10 -5.821309470455900127e-09 -3.722092187861076735e-09 -4.561470412770057817e-09 -1.991232060406070029e-09 -8.699475802291039594e-10 -8.600601469745419025e-10 6.125809471093091294e-11 -1.343556051275321677e-09 -3.515256036792104489e-11 -2.961401805935179077e-10 -1.136131857940631189e-09
1.336225872701655679e-07 -3.876184533305747505e-07 1.061701902944088578e-07 -5.402446425007287575e-08 7.214639713077988110e-07 -2.009421160148981425e-08 7.385999278784276348e-10 -4.693490366889382225e-09 -3.390889235492147056e-08 1.684566945692623807e-09 -1.111158818535831248e-08 -1.593719790786899655e-09 -4.028765677535064769e-09 -3.900800518220117687e-09 -3.348219485731530746e-09 -6.088342723505116228e-10 -1.118328344193111342e-09 3.001345108805305640e-09 -1.553185033602995342e-09 9.457161210205280850e-10 -1.476613614949933452e-09 -1.603037392741886837e-09 -9.618970769020729248e-10 8.124488057114462298e-10 9.536612410711522974e-10
-1.380185567952741427e-07 9.032976586254942294e-08 6.148668325060614709e-08 5.625349086773190947e-08 -2.009421160148981425e-08 2.248502108842696795e-07 -2.874890154560827224e-08 1.431961621212867827e-08 -5.186103988188154650e-09 4.774223671278901559e-09 2.761526716680950143e-09 2.720019354623600900e-11 -1.323587472347602144e-09 -3.925742277672164816e-09 -3.429237409577766360e-09 -8.829417944551897800e-10 -1.024051156562036155e-09 3.347318567775416873e-10 1.044143761844189326e-09 6.048189061623701908e-11 2.371003269987335110e-10 -4.187582887658331798e-10 -1.032388934549712757e-09 -5.309594443634038723e-10 2.884936446423409659e-10
4.627593589902251145e-10 -1.131490262453069533e-07 -4.581626049928674873e-08 2.023797922566989160e-08 7.385999278784276348e-10 -2.874890154560827224e-08 1.479234870651905808e-07 -8.102505978126496972e-09 4.828068906527578052e-10 6.699703526919490625e-09 1.507058678521810335e-09 8.220404663032069147e-10 4.337796312891673655e-09 9.857063635499246139e-10 -2.637389908772323393e-10 -1.144556960121450874e-10 -4.977471531272054030e-10 3.888291463861813030e-11 -1.205935231554761621e-10 3.178349201171023818e-10 -4.405950410466165285e-12 -3.527646633353240685e-10 -9.838473245787397075e-10 -3.923237312659967901e-10 -6.548376413240489218e-11
-3.279304540041212700e-08 -5.281485825987327619e-08 -2.350686553960049937e-08 4.992233395650714370e-08 -4.693490366889382225e-09 1.431961621212867827e-08 -8.102505978126496972e-09 4.973252426863191318e-08 -1.017933139619594306e-08 -6.360169449162468670e-09 5.929393187231615167e-10 5.477175236414956206e-10 -1.701145567339203758e-09 1.230105941766072291e-09 4.976023272335877643e-10 9.463100744646740768e-11 4.423369415565701353e-10 -2.480878064966549431e-11 3.235976158794829573e-10 2.853798482526868399e-10 2.233813292289235205e-10 1.565364751760988140e-10 -2.592899463866182196e-10 -4.955261386641920403e-10 -1.114644558228196567e-11
-3.461519315871469893e-08 4.870072163874755301e-08 6.309120798675309201e-09 7.317758686491047031e-10 -3.390889235492147056e-08 -5.186103988188154650e-09 4.828068906527578052e-10 -1.017933139619594306e-08 3.162810281368282802e-08 1.683379987748131672e-09 -1.666088985967555964e-09 4.832388891893462450e-10 1.280271482764346557e-09 -4.457242802236725089e-10 -7.387933195093758813e-11 -5.163232564129752969e-10 -3.779020190082838172e-10 -3.298523928667046865e-10 -6.741298457475742081e-11 6.404717910164790334e-11 2.799562613565598884e-10 2.078830509384059334e-12 1.407393766101242566e-10 2.647702656820923560e-10 -2.027918137661558392e-10
-2.643615606460474083e-08 -1.223603584476960814e-08 -2.933791533808281524e-08 -2.717276806307967850e-08 1.684566945692623807e-09 4.774223671278901559e-09 6.699703526919490625e-09 -6.360169449162468670e-09 1.683379987748131672e-09 1.852555561158534992e-08 -4.280514565940413061e-10 -3.224937511391999908e-09 5.786014451762308017e-10 -1.105265024951823880e-09 -4.676203598508917354e-10 -3.011870124859271246e-10 3.963483502230625234e-11 2.504374918719905332e-10 -7.015863080774156191e-11 2.102065351588540010e-10 2.318112440079414440e-10 4.106579637306231739e-11 -2.715126885789858731e-10 -1.406858751592832020e-10 -7.262515563843898672e-11
1.898581298251899560e-08 9.259886873284225368e-09 -1.847534084399856837e-08 -3.353455711697528716e-09 -1.111158818535831248e-08 2.761526716680950143e-09 1.507058678521810335e-09 5.929393187231615167e-10 -1.666088985967555964e-09 -4.280514565940413061e-10 8.743711196919649876e-09 1.357980563773129472e-09 6.061210634018280786e-10 -2.857052290211234465e-10 6.156967028457996468e-10 1.520396550713816612e-11 2.480079339933443122e-10 1.481421870299359192e-10 2.313290604570527193e-10 3.579438561137025506e-10 1.307649408322528885e-10 9.269438777700709148e-11 -2.212627393192129709e-11 -1.531228221909348413e-10 7.924955103733140127e-11
1.891930579648127996e-08 2.466633093420392023e-08 1.705949780019504319e-08 1.584274755589853867e-08 -1.593719790786899655e-09 2.720019354623600900e-11 8.220404663032069147e-10 5.477175236414956206e-10 4.832388891893462450e-10 -3.224937511391999908e-09 1.357980563773129472e-09 5.042795703148055306e-09 -6.839075326611625334e-11 5.358408196466711613e-10 1.787832088052552008e-10 -4.350643647446771467e-11 -1.024138606984200535e-10 9.564323375334023239e-11 1.880889317110497570e-10 1.668335333323348017e-10 1.097368889064593867e-10 -1.191899718721792834e-10 -5.399715401477761343e-11 -7.487392045153356898e-11 -6.894264020421681376e-11
-2.008110928788327613e-08 -1.839593661386349849e-08 -1.621231994536945130e-08 -4.999297161454098377e-09 -4.028765677535064769e-09 -1.323587472347602144e-09 4.337796312891673655e-09 -1.701145567339203758e-09 1.280271482764346557e-09 5.786014451762308017e-10 6.061210634018280786e-10 -6.839075326611625334e-11 2.646258480610229100e-09 3.177915495579474154e-10 2.228577264365729888e-10 9.268496639748646405e-11 -6.732105821506709817e-11 1.480124275302348959e-10 1.536934278238265329e-10 1.796331922210324940e-10 2.937315623569888315e-11 -4.824919556047753239e-11 -1.458268310627785251e-10 -1.420439669483037487e-10 -5.624762109854674022e-11
-5.503282767371964660e-09 -7.387087778512993761e-10 3.175677024301134767e-09 9.041813281550299998e-10 -3.900800518220117687e-09 -3.925742277672164816e-09 9.857063635499246139e-10 1.230105941766072291e-09 -4.457242802236725089e-10 -1.105265024951823880e-09 -2.857052290211234465e-10 5.358408196466711613e-10 3.177915495579474154e-10 1.406322254844079530e-09 4.356944338881113471e-10 2.103692600075519060e-10 1.020458462369030204e-10 2.924505095246535710e-11 1.217837801763991893e-10 4.904524814550831214e-11 4.935449362216396092e-11 3.792439530346952260e-11 -1.736679334522743532e-11 -4.456661327292738744e-11 -5.148542822191430416e-12
-5.846302073956008529e-09 1.082788380193677766e-08 6.493592491204172558e-09 -5.821309470455900127e-09 -3.348219485731530746e-09 -3.429237409577766360e-09 -2.637389908772323393e-10 4.976023272335877643e-10 -7.387933195093758813e-11 -4.676203598508917354e-10 6.156967028457996468e-10 1.787832088052552008e-10 2.228577264365729888e-10 4.356944338881113471e-10 9.818057937109578477e-10 1.766161656493668011e-10 2.110199844590696552e-10 -6.971330436026363797e-12 1.113521163582081365e-10 7.660878433180905628e-11 7.941147555586364492e-11 1.498344082053771389e-11 5.670081678306854192e-12 2.709262064422283741e-11 2.441063059973818936e-11
-3.798731436470372739e-09 2.129706156150068512e-09 6.039223915351478476e-09 -3.722092187861076735e-09 -6.088342723505116228e-10 -8.829417944551897800e-10 -1.144556960121450874e-10 9.463100744646740768e-11 -5.163232564129752969e-10 -3.011870124859271246e-10 1.520396550713816612e-11 -4.350643647446771467e-11 9.268496639748646405e-11 2.103692600075519060e-10 1.766161656493668011e-10 5.639858063712582056e-10 2.286127571597469112e-10 1.500331202988625937e-10 1.024679884154818465e-10 1.773624667472717638e-11 6.386821292578272593e-13 1.253542187849099682e-11 -2.227093117318328213e-13 1.349085705727673738e-11 4.085711483574571525e-11
-2.448242783156193439e-09 9.962935570925278694e-09 5.815763016313327970e-09 -4.561470412770057817e-09 -1.118328344193111342e-09 -1.024051156562036155e-09 -4.977471531272054030e-10 4.423369415565701353e-10 -3.779020190082838172e-10 3.963483502230625234e-11 2.480079339933443122e-10 -1.024138606984200535e-10 -6.732105821506709817e-11 1.020458462369030204e-10 2.110199844590696552e-10 2.286127571597469112e-10 4.638738981151413550e-10 1.777008445742371437e-10 1.224764292589790053e-10 5.973933147239884141e-11 6.466833224682472490e-11 1.580424707959073584e-11 -4.636924952227978695e-11 -5.459742410631290043e-11 -2.338945607868366765e-11
-7.589937807483678855e-09 5.060602548469642728e-09 -2.384667954530409759e-10 -1.991232060406070029e-09 3.001345108805305640e-09 3.347318567775416873e-10 3.888291463861813030e-11 -2.480878064966549431e-11 -3.298523928667046865e-10 2.504374918719905332e-10 1.481421870299359192e-10 9.564323375334023239e-11 1.480124275302348959e-10 2.924505095246535710e-11 -6.971330436026363797e-12 1.500331202988625937e-10 1.777008445742371437e-10 3.143410777653696883e-10 1.062545316099565793e-10 7.126933617901021557e-11 3.504018365060207472e-11 3.869654065883068072e-11 -1.047385109293349990e-11 -4.349670144748732162e-11 -8.985548414794461401e-12
-8.005975667203239526e-09 4.418405487111009482e-09 4.890090564370064688e-10 -8.699475802291039594e-10 -1.553185033602995342e-09 1.044143761844189326e-09 -1.205935231554761621e-10 3.235976158794829573e-10 -6.741298457475742081e-11 -7.015863080774156191e-11 2.313290604570527193e-10 1.880889317110497570e-10 1.536934278238265329e-10 1.217837801763991893e-10 1.113521163582081365e-10 1.024679884154818465e-10 1.224764292589790053e-10 1.062545316099565793e-10 2.583806142123591281e-10 7.770862827635059173e-11 4.530839561746071742e-11 -8.836824155165785613e-12 -1.194584118934088904e-11 -3.501285667285714905e-11 -1.426941309144001196e-11
-8.589767970837358716e-09 -8.031633477343110243e-10 -4.965167552281732817e-09 -8.600601469745419025e-10 9.457161210205280850e-10 6.048189061623701908e-11 3.178349201171023818e-10 2.853798482526868399e-10 6.404717910164790334e-11 2.102065351588540010e-10 3.579438561137025506e-10 1.668335333323348017e-10 1.796331922210324940e-10 4.904524814550831214e-11 7.660878433180905628e-11 1.773624667472717638e-11 5.973933147239884141e-11 7.126933617901021557e-11 7.770862827635059173e-11 1.849564418500341209e-10 8.965817488879337669e-11 2.192236812933159241e-11 -3.219416631894635728e-11 -5.009242209997896902e-11 -1.421531961093422731e-11
-7.566727604123988403e-09 4.038098834139459012e-09 -1.670564224107063462e-09 6.125809471093091294e-11 -1.476613614949933452e-09 2.371003269987335110e-10 -4.405950410466165285e-12 2.233813292289235205e-10 2.799562613565598884e-10 2.318112440079414440e-10 1.307649408322528885e-10 1.097368889064593867e-10 2.937315623569888315e-11 4.935449362216396092e-11 7.941147555586364492e-11 6.386821292578272593e-13 6.466833224682472490e-11 3.504018365060207472e-11 4.530839561746071742e-11 8.965817488879337669e-11 1.454161562271517105e-10 6.327415085806388837e-11 2.886100336637979517e-11 -7.705860823740170924e-12 -3.455177520499646340e-12
-2.211793882257058033e-09 1.810327660202278966e-09 -3.628125161852018834e-09 -1.343556051275321677e-09 -1.603037392741886837e-09 -4.187582887658331798e-10 -3.527646633353240685e-10 1.565364751760988140e-10 2.078830509384059334e-12 4.106579637306231739e-11 9.269438777700709148e-11 -1.191899718721792834e-10 -4.824919556047753239e-11 3.792439530346952260e-11 1.498344082053771389e-11 1.253542187849099682e-11 1.580424707959073584e-11 3.869654065883068072e-11 -8.836824155165785613e-12 2.192236812933159241e-11 6.327415085806388837e-11 1.466423367322143602e-10 7.208814905756478259e-11 1.590615893104886964e-11 -4.020986986438573079e-12
1.665207793460453183e-09 3.251554647869693360e-09 -3.538757698613905318e-10 -3.515256036792104489e-11 -9.618970769020729248e-10 -1.032388934549712757e-09 -9.838473245787397075e-10 -2.592899463866182196e-10 1.407393766101242566e-10 -2.715126885789858731e-10 -2.212627393192129709e-11 -5.399715401477761343e-11 -1.458268310627785251e-10 -1.736679334522743532e-11 5.670081678306854192e-12 -2.227093117318328213e-13 -4.636924952227978695e-11 -1.047385109293349990e-11 -1.194584118934088904e-11 -3.219416631894635728e-11 2.886100336637979517e-11 7.208814905756478259e-11 1.538672839355554346e-10 7.705079767549031523e-11 4.153389242367797356e-13
1.710131554897475685e-09 1.486786303179836803e-09 -6.928682450654189962e-11 -2.961401805935179077e-10 8.124488057114462298e-10 -5.309594443634038723e-10 -3.923237312659967901e-10 -4.955261386641920403e-10 2.647702656820923560e-10 -1.406858751592832020e-10 -1.531228221909348413e-10 -7.487392045153356898e-11 -1.420439669483037487e-10 -4.456661327292738744e-11 2.709262064422283741e-11 1.349085705727673738e-11 -5.459742410631290043e-11 -4.349670144748732162e-11 -3.501285667285714905e-11 -5.009242209997896902e-11 -7.705860823740170924e-12 1.590615893104886964e-11 7.705079767549031523e-11 1.412964918629953517e-10 3.853249686706798685e-11
1.011083070809717396e-09 -1.327162061063745655e-09 -3.158883537939238742e-10 -1.136131857940631189e-09 9.536612410711522974e-10 2.884936446423409659e-10 -6.548376413240489218e-11 -1.114644558228196567e-11 -2.027918137661558392e-10 -7.262515563843898672e-11 7.924955103733140127e-11 -6.894264020421681376e-11 -5.624762109854674022e-11 -5.148542822191430416e-12 2.441063059973818936e-11 4.085711483574571525e-11 -2.338945607868366765e-11 -8.985548414794461401e-12 -1.426941309144001196e-11 -1.421531961093422731e-11 -3.455177520499646340e-12 -4.020986986438573079e-12 4.153389242367797356e-13 3.853249686706798685e-11 1.095326636795798753e-10
