# Jackknife Covariance with Weights
1.671403006567671716e-05 1.211433731331990988e-07 -4.145311522703331494e-07 7.036469302008158534e-07 -9.828401983133516417e-07 2.462774146020390916e-07 -3.482118622212632142e-08 3.164474847381140626e-08 -5.273831761087887012e-09 -6.467551978658498868e-08 2.098965050588918925e-08 3.768644832629919485e-08 -8.623416654968516425e-08 -5.684415689029305012e-08 8.079966098271492955e-09 4.607598609025078212e-09 6.535291859373918259e-09 2.166136346430086382e-09 -9.997521293743047884e-09 9.515409382086418807e-09 7.847989061606989270e-09 4.469820561829793195e-09
1.211433731331990988e-07 1.026409399169456831e-05 1.738265544892478696e-06 -1.433703470711831740e-07 -7.817197241873696628e-07 -9.158307102471791666e-08 -1.181316609830902079e-07 9.020947498432467579e-08 -1.867490432425707252e-07 -8.719881822656590836e-08 -1.218737774597977883e-07 2.407393456410959941e-08 -5.552303146472279371e-08 -1.781469834441518422e-08 4.786747151358507423e-09 -7.400174868605017880e-09 8.466592846986750496e-09 -3.475686471147737720e-09 6.762634093123497752e-09 -6.322461993938201185e-10 2.186787771773573922e-09 8.891022841191402306e-10
-4.145311522703331494e-07 1.738265544892478696e-06 5.874175988202972123e-06 4.121962303666318430e-09 -1.490438403759086656e-07 3.870539784257190694e-07 5.229345498617715015e-08 -1.736593847864607180e-07 1.249503024379671212e-07 -5.717190936097880505e-08 -1.120634263163869021e-08 -1.041895600523547233e-08 -4.108339105680124221e-08 -4.898680579540145960e-08 -8.421919943686133066e-09 1.029375249149827563e-08 -4.778449094271004255e-10 3.190530408175603952e-10 3.015312798154936075e-09 9.346123633006099893e-10 -2.476638391082919116e-09 -3.380305694724004505e-10
7.036469302008158534e-07 -1.433703470711831740e-07 4.121962303666318430e-09 2.273695558120604486e-06 3.325967832129806416e-07 -7.572969379746942505e-08 5.450725720041324843e-08 4.726492572333379019e-08 3.132923045635368711e-08 2.572398917848109071e-08 6.769247787945870994e-08 4.746654249165356784e-08 1.825874014612521863e-08 2.582186768406038880e-08 7.342380484647729856e-09 -9.558309858044474357e-09 -3.213773912813168475e-09 1.878291006444837993e-09 4.184664152855528785e-09 -9.064750118319355595e-10 1.222251300796990375e-09 3.297027979652565877e-10
-9.828401983133516417e-07 -7.817197241873696628e-07 -1.490438403759086656e-07 3.325967832129806416e-07 1.823311071101211127e-06 -1.116577375717814832e-07 -4.397781808304454615e-08 5.010151704172405133e-08 6.412811168570512898e-08 -1.659563646851515680e-08 -4.049926760065355886e-09 -1.774591346682028829e-09 1.928468629391091959e-08 1.452658983108593041e-08 1.893662265129225373e-08 -4.032739651172345056e-09 5.138542239392844231e-10 2.782656753780991484e-09 6.863704848836699387e-10 1.914625207868355559e-09 -2.861542918622759899e-10 -3.773944395548184827e-10
2.462774146020390916e-07 -9.158307102471791666e-08 3.870539784257190694e-07 -7.572969379746942505e-08 -1.116577375717814832e-07 6.620657002443625113e-07 1.163985373957051727e-08 3.088083141410829946e-08 1.984564188192956239e-08 -9.059358524679233397e-09 4.039295227874614288e-08 1.918389007418380025e-09 -6.296811625307277946e-10 -1.042947680775413340e-08 -9.231188422279353088e-10 2.160693244550765438e-09 -3.664336502839169968e-09 -6.222410043390825290e-10 7.763853725036726379e-10 -8.696633697807503167e-11 -1.764564834972475033e-09 -1.165415788030685782e-09
-3.482118622212632142e-08 -1.181316609830902079e-07 5.229345498617715015e-08 5.450725720041324843e-08 -4.397781808304454615e-08 1.163985373957051727e-08 3.154244883929372899e-07 1.306469455078236324e-08 6.994061934485704358e-09 1.328727159433246353e-08 7.288825421799999828e-09 -6.968523443712901368e-10 3.414858490738366672e-09 4.399724240450818861e-09 -1.315733287922707262e-09 -5.837421468596031747e-10 -1.716604473164724890e-10 1.214042469944829554e-10 1.636614758166657368e-10 9.774914336901293698e-11 -3.293940721556195672e-10 6.710885498349345151e-10
3.164474847381140626e-08 9.020947498432467579e-08 -1.736593847864607180e-07 4.726492572333379019e-08 5.010151704172405133e-08 3.088083141410829946e-08 1.306469455078236324e-08 2.051283360847122515e-07 -3.456974076301527378e-08 1.695982825369807968e-08 1.966327093835439874e-09 -3.162959160704473317e-09 -1.266760230548476238e-09 -9.021027950538395150e-11 -2.198888356608891785e-09 -3.446965035403435887e-09 -5.554155066155487374e-10 -2.104675415265156014e-10 -2.881846597572733186e-10 -3.431418632744883702e-10 -4.703478535486525679e-10 -7.664394216291640561e-10
-5.273831761087887012e-09 -1.867490432425707252e-07 1.249503024379671212e-07 3.132923045635368711e-08 6.412811168570512898e-08 1.984564188192956239e-08 6.994061934485704358e-09 -3.456974076301527378e-08 1.260622545256656848e-07 1.302740006705464973e-09 8.752349846561690016e-10 2.175350193544445514e-09 -2.354421617665834453e-09 -3.471663844553551235e-09 4.815527149203913663e-10 -3.600293179015205584e-10 -9.425651266596486464e-10 1.087813553454367537e-09 5.158907608149517174e-10 8.724542307238384005e-10 2.158017147179166594e-10 1.754006002992295562e-10
-6.467551978658498868e-08 -8.719881822656590836e-08 -5.717190936097880505e-08 2.572398917848109071e-08 -1.659563646851515680e-08 -9.059358524679233397e-09 1.328727159433246353e-08 1.695982825369807968e-08 1.302740006705464973e-09 6.135304653820983175e-08 4.518561426438120700e-09 -4.631909769474417289e-09 -2.379937233652738926e-10 1.123825339046455073e-11 -1.834105513773299594e-09 2.603294546270490478e-10 6.766079557165842308e-11 5.062972585726050316e-10 6.447658413176640932e-10 6.968849707254040916e-10 2.761808429063248702e-10 8.284852503332101786e-11
2.098965050588918925e-08 -1.218737774597977883e-07 -1.120634263163869021e-08 6.769247787945870994e-08 -4.049926760065355886e-09 4.039295227874614288e-08 7.288825421799999828e-09 1.966327093835439874e-09 8.752349846561690016e-10 4.518561426438120700e-09 3.054738091900819307e-08 1.076392188799692355e-09 3.057389107820800422e-09 1.661565090370067504e-09 -1.139954303715446851e-09 -4.042453427543089338e-10 -5.259539535319033753e-10 2.235080314035862221e-10 3.628228649854951166e-10 1.618348777236724162e-10 1.241386417778936580e-10 9.791753712706313907e-11
3.768644832629919485e-08 2.407393456410959941e-08 -1.041895600523547233e-08 4.746654249165356784e-08 -1.774591346682028829e-09 1.918389007418380025e-09 -6.968523443712901368e-10 -3.162959160704473317e-09 2.175350193544445514e-09 -4.631909769474417289e-09 1.076392188799692355e-09 1.320229138377081890e-08 -7.717173635377648583e-11 1.491937887205937156e-09 5.722853159469594789e-10 -2.039011289865421727e-10 2.281048758873130202e-10 9.438845324470241266e-11 3.393292214306295440e-10 -7.193397637991969177e-12 1.361196825885322347e-10 4.095434778793635979e-11
-8.623416654968516425e-08 -5.552303146472279371e-08 -4.108339105680124221e-08 1.825874014612521863e-08 1.928468629391091959e-08 -6.296811625307277946e-10 3.414858490738366672e-09 -1.266760230548476238e-09 -2.354421617665834453e-09 -2.379937233652738926e-10 3.057389107820800422e-09 -7.717173635377648583e-11 7.437582144546688704e-09 1.678774794281946785e-09 6.713673834964594045e-10 2.133438037333982237e-10 -3.252056619031426277e-11 1.393866417667528612e-10 1.368427260061399026e-10 8.340002545799816869e-11 7.672549460504725565e-11 1.252057571913932566e-10
-5.684415689029305012e-08 -1.781469834441518422e-08 -4.898680579540145960e-08 2.582186768406038880e-08 1.452658983108593041e-08 -1.042947680775413340e-08 4.399724240450818861e-09 -9.021027950538395150e-11 -3.471663844553551235e-09 1.123825339046455073e-11 1.661565090370067504e-09 1.491937887205937156e-09 1.678774794281946785e-09 4.049877461771922135e-09 4.425661118977820163e-10 -4.205709020129346672e-10 7.946793876494008268e-12 -2.269865349946338784e-10 -1.739673668260531260e-10 -2.088423661468632635e-10 -4.825898411772917044e-11 -1.510398579721229647e-11
8.079966098271492955e-09 4.786747151358507423e-09 -8.421919943686133066e-09 7.342380484647729856e-09 1.893662265129225373e-08 -9.231188422279353088e-10 -1.315733287922707262e-09 -2.198888356608891785e-09 4.815527149203913663e-10 -1.834105513773299594e-09 -1.139954303715446851e-09 5.722853159469594789e-10 6.713673834964594045e-10 4.425661118977820163e-10 2.068730377213066169e-09 4.055758470975026063e-11 1.891715787952861284e-10 6.858196210975714374e-12 1.197415679649890817e-10 6.427194661231377961e-11 -6.644342712913915251e-11 -2.707093539002872579e-11
4.607598609025078212e-09 -7.400174868605017880e-09 1.029375249149827563e-08 -9.558309858044474357e-09 -4.032739651172345056e-09 2.160693244550765438e-09 -5.837421468596031747e-10 -3.446965035403435887e-09 -3.600293179015205584e-10 2.603294546270490478e-10 -4.042453427543089338e-10 -2.039011289865421727e-10 2.133438037333982237e-10 -4.205709020129346672e-10 4.055758470975026063e-11 1.253860422722786850e-09 1.379108676146601368e-10 5.952564322598454025e-11 5.638362046123439658e-11 6.490500519237520177e-11 1.805836995162293593e-11 1.608721049527827692e-11
6.535291859373918259e-09 8.466592846986750496e-09 -4.778449094271004255e-10 -3.213773912813168475e-09 5.138542239392844231e-10 -3.664336502839169968e-09 -1.716604473164724890e-10 -5.554155066155487374e-10 -9.425651266596486464e-10 6.766079557165842308e-11 -5.259539535319033753e-10 2.281048758873130202e-10 -3.252056619031426277e-11 7.946793876494008268e-12 1.891715787952861284e-10 1.379108676146601368e-10 7.190360685057768045e-10 5.723169596433757069e-11 -4.012254009138770774e-11 5.905559190338628909e-11 -1.574021174534781450e-12 -3.268381871954159391e-11
2.166136346430086382e-09 -3.475686471147737720e-09 3.190530408175603952e-10 1.878291006444837993e-09 2.782656753780991484e-09 -6.222410043390825290e-10 1.214042469944829554e-10 -2.104675415265156014e-10 1.087813553454367537e-09 5.062972585726050316e-10 2.235080314035862221e-10 9.438845324470241266e-11 1.393866417667528612e-10 -2.269865349946338784e-10 6.858196210975714374e-12 5.952564322598454025e-11 5.723169596433757069e-11 3.220463838210672064e-10 9.963714164639394552e-11 4.011180465488349728e-11 -3.053121631365023577e-11 1.001126001045053190e-11
-9.997521293743047884e-09 6.762634093123497752e-09 3.015312798154936075e-09 4.184664152855528785e-09 6.863704848836699387e-10 7.763853725036726379e-10 1.636614758166657368e-10 -2.881846597572733186e-10 5.158907608149517174e-10 6.447658413176640932e-10 3.628228649854951166e-10 3.393292214306295440e-10 1.368427260061399026e-10 -1.739673668260531260e-10 1.197415679649890817e-10 5.638362046123439658e-11 -4.012254009138770774e-11 9.963714164639394552e-11 2.874344560066604033e-10 7.711827148138921330e-11 3.642651449594568229e-11 3.373538246280392849e-11
9.515409382086418807e-09 -6.322461993938201185e-10 9.346123633006099893e-10 -9.064750118319355595e-10 1.914625207868355559e-09 -8.696633697807503167e-11 9.774914336901293698e-11 -3.431418632744883702e-10 8.724542307238384005e-10 6.968849707254040916e-10 1.618348777236724162e-10 -7.193397637991969177e-12 8.340002545799816869e-11 -2.088423661468632635e-10 6.427194661231377961e-11 6.490500519237520177e-11 5.905559190338628909e-11 4.011180465488349728e-11 7.711827148138921330e-11 1.696468180141531010e-10 4.218798862020532822e-11 2.756338216350614250e-11
7.847989061606989270e-09 2.186787771773573922e-09 -2.476638391082919116e-09 1.222251300796990375e-09 -2.861542918622759899e-10 -1.764564834972475033e-09 -3.293940721556195672e-10 -4.703478535486525679e-10 2.158017147179166594e-10 2.761808429063248702e-10 1.241386417778936580e-10 1.361196825885322347e-10 7.672549460504725565e-11 -4.825898411772917044e-11 -6.644342712913915251e-11 1.805836995162293593e-11 -1.574021174534781450e-12 -3.053121631365023577e-11 3.642651449594568229e-11 4.218798862020532822e-11 1.421907611538975689e-10 6.230180010985691300e-11
4.469820561829793195e-09 8.891022841191402306e-10 -3.380305694724004505e-10 3.297027979652565877e-10 -3.773944395548184827e-10 -1.165415788030685782e-09 6.710885498349345151e-10 -7.664394216291640561e-10 1.754006002992295562e-10 8.284852503332101786e-11 9.791753712706313907e-11 4.095434778793635979e-11 1.252057571913932566e-10 -1.510398579721229647e-11 -2.707093539002872579e-11 1.608721049527827692e-11 -3.268381871954159391e-11 1.001126001045053190e-11 3.373538246280392849e-11 2.756338216350614250e-11 6.230180010985691300e-11 8.584589410328542992e-11
