# zldist cov
4.544763792500642642e-03 2.171252223407398328e-05 -8.543841396437995865e-04 -8.609160704326568672e-04 -2.361679413640099541e-04 -3.178398168336879189e-04 -2.773370202081882631e-04 8.234161703070668348e-06 -3.161376377890376464e-04 5.243140886734374163e-04 2.787190555820701142e-04 5.167858811606656664e-04 2.368989377783950595e-06 -1.523467937420109556e-03
2.171252223407398328e-05 7.346634480379947083e-04 6.607028924543921706e-04 6.606674906569137890e-05 -8.275176597608747020e-05 -1.428177514836703201e-04 -1.378162095409867448e-04 -1.582021623810697187e-04 -1.805387319024435978e-04 -1.850053771127970663e-04 -2.845548682534048421e-04 3.592226881587016373e-05 -1.209283843043332208e-04 -4.311927370723904278e-04
-8.543841396437995865e-04 6.607028924543921706e-04 1.782939651576239239e-03 7.239326331533061992e-04 -2.542381573212021276e-04 -3.735967687855709760e-04 -3.062216338162586132e-04 -3.675468652992146127e-04 -3.085193865994381637e-04 -4.194569942728269569e-04 -3.413489587361777941e-04 -2.478699728657153501e-04 -6.216372840264227403e-05 -1.188412825259879929e-04
-8.609160704326568672e-04 6.606674906569137890e-05 7.239326331533061992e-04 9.153734801013069418e-04 1.699163107503655888e-04 -1.939240895838934602e-05 -8.870870496343936809e-05 -1.693320062055373159e-04 -1.277206785907330610e-04 -3.671930913988237640e-04 -1.870331068653672190e-04 -3.813898459309574343e-04 -2.177999775445982398e-04 2.274773652070152005e-04
-2.361679413640099541e-04 -8.275176597608747020e-05 -2.542381573212021276e-04 1.699163107503655888e-04 5.167649938839943792e-04 4.193356716906362805e-04 2.055308943858086246e-04 8.664968017279095036e-05 2.309300922844385610e-05 -1.194653684474998004e-04 -1.734523282855710555e-04 -2.638687243859893453e-04 -3.222183672551658237e-04 -1.744237555170257521e-04
-3.178398168336879189e-04 -1.428177514836703201e-04 -3.735967687855709760e-04 -1.939240895838934602e-05 4.193356716906362805e-04 5.804443834192537588e-04 3.766026058414021350e-04 2.227189505204804718e-04 9.760470516767388307e-05 -9.701344478097790507e-05 -1.786686762370630821e-04 -2.974076056699017853e-04 -3.654389925322682809e-04 -1.269015195495051536e-04
-2.773370202081882631e-04 -1.378162095409867448e-04 -3.062216338162586132e-04 -8.870870496343936809e-05 2.055308943858086246e-04 3.766026058414021350e-04 3.877077260771385646e-04 2.609106320599420851e-04 1.430682766504712961e-04 -6.523536876985047976e-05 -1.320131979526485472e-04 -2.057873471002267889e-04 -2.546393124876149662e-04 -8.945970055927557373e-05
8.234161703070668348e-06 -1.582021623810697187e-04 -3.675468652992146127e-04 -1.693320062055373159e-04 8.664968017279095036e-05 2.227189505204804718e-04 2.609106320599420851e-04 2.669037825300934878e-04 1.593244581561386187e-04 3.936516669893917123e-05 -2.891399416959055982e-05 -9.484792817338356529e-05 -1.737771457281518086e-04 -9.473929806594417525e-05
-3.161376377890376464e-04 -1.805387319024435978e-04 -3.085193865994381637e-04 -1.277206785907330610e-04 2.309300922844385610e-05 9.760470516767388307e-05 1.430682766504712961e-04 1.593244581561386187e-04 2.193592317562645681e-04 6.645802064642466697e-05 6.750277343138080832e-05 -2.443808234983493741e-05 -4.801903424051711468e-05 1.417885150813797074e-04
5.243140886734374163e-04 -1.850053771127970663e-04 -4.194569942728269569e-04 -3.671930913988237640e-04 -1.194653684474998004e-04 -9.701344478097790507e-05 -6.523536876985047976e-05 3.936516669893917123e-05 6.645802064642466697e-05 3.118512956843617944e-04 2.286737981361457270e-04 2.219902113043684057e-04 1.405277495673052431e-04 -3.530728318298080072e-05
2.787190555820701142e-04 -2.845548682534048421e-04 -3.413489587361777941e-04 -1.870331068653672190e-04 -1.734523282855710555e-04 -1.786686762370630821e-04 -1.320131979526485472e-04 -2.891399416959055982e-05 6.750277343138080832e-05 2.286737981361457270e-04 3.873527623038627615e-04 2.219834858806003536e-04 2.061938119211664442e-04 1.498379420712594307e-04
5.167858811606656664e-04 3.592226881587016373e-05 -2.478699728657153501e-04 -3.813898459309574343e-04 -2.638687243859893453e-04 -2.974076056699017853e-04 -2.057873471002267889e-04 -9.484792817338356529e-05 -2.443808234983493741e-05 2.219902113043684057e-04 2.219834858806003536e-04 5.060213013514028692e-04 2.792093700875118408e-04 -1.582014308816906097e-05
2.368989377783950595e-06 -1.209283843043332208e-04 -6.216372840264227403e-05 -2.177999775445982398e-04 -3.222183672551658237e-04 -3.654389925322682809e-04 -2.546393124876149662e-04 -1.737771457281518086e-04 -4.801903424051711468e-05 1.405277495673052431e-04 2.061938119211664442e-04 2.792093700875118408e-04 7.075453592812716878e-04 4.606483138982856449e-04
-1.523467937420109556e-03 -4.311927370723904278e-04 -1.188412825259879929e-04 2.274773652070152005e-04 -1.744237555170257521e-04 -1.269015195495051536e-04 -8.945970055927557373e-05 -9.473929806594417525e-05 1.417885150813797074e-04 -3.530728318298080072e-05 1.498379420712594307e-04 -1.582014308816906097e-05 4.606483138982856449e-04 1.737335104026786758e-03
