# zldist cov
5.688457740251994774e-05 6.431457560949297987e-05 4.853912321056479492e-05 1.352263899001640037e-05 -1.434495705876575734e-06 -2.504415307868266039e-05 -4.707931417844109198e-06 -5.885120609785795322e-05 -5.138925347957345714e-05 -2.678317346299822848e-05
6.431457560949297987e-05 3.115051809649257769e-04 2.252776296243423734e-04 9.116889349030819420e-05 8.614859786281722559e-05 -1.226664410812835760e-05 4.292343937531851311e-05 -1.597378076626105030e-04 -2.768408165906668700e-04 -6.806715215221071725e-04
4.853912321056479492e-05 2.252776296243423734e-04 4.152037003397841060e-04 3.181048944871459083e-04 1.382059826369759882e-04 -3.790844885308754123e-05 -8.218860633058836451e-05 -2.519796327729654215e-04 -3.879811435882345345e-04 -7.220078742973117273e-04
1.352263899001640037e-05 9.116889349030819420e-05 3.181048944871459083e-04 5.484875748890651265e-04 3.008343834444469705e-04 9.462851844649481693e-05 -1.757867915929054695e-04 -3.136870784651375928e-04 -5.177861531768530434e-04 -7.054511220351482141e-04
-1.434495705876575734e-06 8.614859786281722559e-05 1.382059826369759882e-04 3.008343834444469705e-04 4.939325324651031371e-04 2.814992119012210670e-04 -8.843919669747766685e-05 -3.088478135596183340e-04 -4.702179905166005858e-04 -8.647969193678556408e-04
-2.504415307868266039e-05 -1.226664410812835760e-05 -3.790844885308754123e-05 9.462851844649481693e-05 2.814992119012210670e-04 4.412531352318505235e-04 1.087308324383160468e-05 -2.148374740062093408e-04 -3.147716284750763822e-04 -4.718953536831076026e-04
-4.707931417844109198e-06 4.292343937531851311e-05 -8.218860633058836451e-05 -1.757867915929054695e-04 -8.843919669747766685e-05 1.087308324383160468e-05 5.166545691316292658e-04 1.974180921641684541e-04 -1.883739067436007296e-04 -4.614534336829066588e-04
-5.885120609785795322e-05 -1.597378076626105030e-04 -2.519796327729654215e-04 -3.136870784651375928e-04 -3.088478135596183340e-04 -2.148374740062093408e-04 1.974180921641684541e-04 8.969758021066543676e-04 1.211453111051236027e-04 1.259524082790460723e-04
-5.138925347957345714e-05 -2.768408165906668700e-04 -3.879811435882345345e-04 -5.177861531768530434e-04 -4.702179905166005858e-04 -3.147716284750763822e-04 -1.883739067436007296e-04 1.211453111051236027e-04 1.597893581872559870e-03 9.252547457062747531e-04
-2.678317346299822848e-05 -6.806715215221071725e-04 -7.220078742973117273e-04 -7.054511220351482141e-04 -8.647969193678556408e-04 -4.718953536831076026e-04 -4.614534336829066588e-04 1.259524082790460723e-04 9.252547457062747531e-04 5.736921314669224566e-03
